-8.090170025825500488e-01 -4.999999701976776123e-01 -3.090169727802276611e-01 0.000000000000000000e+00 5.877852439880371094e-01 -6.881909370422363281e-01 -4.253253936767578125e-01 0.000000000000000000e+00 0.000000000000000000e+00 -5.257310867309570312e-01 8.506507873535156250e-01 -7.500008940696716309e-01 0.000000000000000000e+00 0.000000000000000000e+00 0.000000000000000000e+00 1.000000000000000000e+00
-3.090170323848724365e-01 -8.090169429779052734e-01 -4.999999701976776123e-01 0.000000000000000000e+00 9.510565400123596191e-01 -2.628655731678009033e-01 -1.624598503112792969e-01 0.000000000000000000e+00 0.000000000000000000e+00 -5.257310867309570312e-01 8.506507873535156250e-01 -6.500008702278137207e-01 0.000000000000000000e+00 0.000000000000000000e+00 0.000000000000000000e+00 1.000000000000000000e+00
3.090169727802276611e-01 -8.090170025825500488e-01 -4.999999701976776123e-01 0.000000000000000000e+00 9.510565400123596191e-01 2.628654837608337402e-01 1.624598056077957153e-01 0.000000000000000000e+00 0.000000000000000000e+00 -5.257310867309570312e-01 8.506507873535156250e-01 -7.500008940696716309e-01 0.000000000000000000e+00 0.000000000000000000e+00 0.000000000000000000e+00 1.000000000000000000e+00
8.090170025825500488e-01 -5.000000596046447754e-01 -3.090170025825500488e-01 0.000000000000000000e+00 5.877853035926818848e-01 6.881909370422363281e-01 4.253253340721130371e-01 0.000000000000000000e+00 0.000000000000000000e+00 -5.257310867309570312e-01 8.506507873535156250e-01 -6.500008702278137207e-01 0.000000000000000000e+00 0.000000000000000000e+00 0.000000000000000000e+00 1.000000000000000000e+00
1.000000000000000000e+00 -8.305619303428102285e-08 -4.473812964533863124e-08 0.000000000000000000e+00 3.446844587529085402e-08 8.506508469581604004e-01 5.257310867309570312e-01 0.000000000000000000e+00 0.000000000000000000e+00 -5.257310867309570312e-01 8.506507873535156250e-01 -7.500008940696716309e-01 0.000000000000000000e+00 0.000000000000000000e+00 0.000000000000000000e+00 1.000000000000000000e+00
8.090170025825500488e-01 4.999999403953552246e-01 3.090169429779052734e-01 0.000000000000000000e+00 -5.877852439880371094e-01 6.881910562515258789e-01 4.253254234790802002e-01 0.000000000000000000e+00 0.000000000000000000e+00 -5.257310867309570312e-01 8.506507873535156250e-01 -7.500008940696716309e-01 0.000000000000000000e+00 0.000000000000000000e+00 0.000000000000000000e+00 1.000000000000000000e+00
3.090170323848724365e-01 8.090170025825500488e-01 4.999999701976776123e-01 0.000000000000000000e+00 -9.510565400123596191e-01 2.628656625747680664e-01 1.624598950147628784e-01 0.000000000000000000e+00 0.000000000000000000e+00 -5.257310867309570312e-01 8.506507873535156250e-01 -6.500008702278137207e-01 0.000000000000000000e+00 0.000000000000000000e+00 0.000000000000000000e+00 1.000000000000000000e+00
-3.090169727802276611e-01 8.090170621871948242e-01 5.000000000000000000e-01 0.000000000000000000e+00 -9.510565400123596191e-01 -2.628654837608337402e-01 -1.624597758054733276e-01 0.000000000000000000e+00 0.000000000000000000e+00 -5.257310867309570312e-01 8.506507873535156250e-01 -7.500008940696716309e-01 0.000000000000000000e+00 0.000000000000000000e+00 0.000000000000000000e+00 1.000000000000000000e+00
-8.090170025825500488e-01 5.000000596046447754e-01 3.090170323848724365e-01 0.000000000000000000e+00 -5.877853035926818848e-01 -6.881909370422363281e-01 -4.253253340721130371e-01 0.000000000000000000e+00 0.000000000000000000e+00 -5.257310867309570312e-01 8.506507873535156250e-01 -6.500008702278137207e-01 0.000000000000000000e+00 0.000000000000000000e+00 0.000000000000000000e+00 1.000000000000000000e+00
-1.000000000000000000e+00 8.305619303428102285e-08 7.454045203303394374e-08 0.000000000000000000e+00 -3.446844587529085402e-08 -8.506508469581604004e-01 -5.257310867309570312e-01 0.000000000000000000e+00 0.000000000000000000e+00 -5.257310867309570312e-01 8.506507873535156250e-01 -7.500008940696716309e-01 0.000000000000000000e+00 0.000000000000000000e+00 0.000000000000000000e+00 1.000000000000000000e+00
8.090170025825500488e-01 4.999999701976776123e-01 -3.090169727802276611e-01 0.000000000000000000e+00 -5.877852439880371094e-01 6.881909370422363281e-01 -4.253253936767578125e-01 0.000000000000000000e+00 0.000000000000000000e+00 5.257310867309570312e-01 8.506507873535156250e-01 -8.500009179115295410e-01 0.000000000000000000e+00 0.000000000000000000e+00 0.000000000000000000e+00 1.000000000000000000e+00
3.090170323848724365e-01 8.090169429779052734e-01 -4.999999701976776123e-01 0.000000000000000000e+00 -9.510565400123596191e-01 2.628655731678009033e-01 -1.624598503112792969e-01 0.000000000000000000e+00 0.000000000000000000e+00 5.257310867309570312e-01 8.506507873535156250e-01 -1.000000953674316406e+00 0.000000000000000000e+00 0.000000000000000000e+00 0.000000000000000000e+00 1.000000000000000000e+00
-3.090169727802276611e-01 8.090170025825500488e-01 -4.999999701976776123e-01 0.000000000000000000e+00 -9.510565400123596191e-01 -2.628654837608337402e-01 1.624598056077957153e-01 0.000000000000000000e+00 0.000000000000000000e+00 5.257310867309570312e-01 8.506507873535156250e-01 -9.500009417533874512e-01 0.000000000000000000e+00 0.000000000000000000e+00 0.000000000000000000e+00 1.000000000000000000e+00
-8.090170025825500488e-01 5.000000596046447754e-01 -3.090170025825500488e-01 0.000000000000000000e+00 -5.877853035926818848e-01 -6.881909370422363281e-01 4.253253340721130371e-01 0.000000000000000000e+00 0.000000000000000000e+00 5.257310867309570312e-01 8.506507873535156250e-01 -9.500009417533874512e-01 0.000000000000000000e+00 0.000000000000000000e+00 0.000000000000000000e+00 1.000000000000000000e+00
-1.000000000000000000e+00 8.305619303428102285e-08 -4.473812964533863124e-08 0.000000000000000000e+00 -3.446844587529085402e-08 -8.506508469581604004e-01 5.257310867309570312e-01 0.000000000000000000e+00 0.000000000000000000e+00 5.257310867309570312e-01 8.506507873535156250e-01 -1.000000953674316406e+00 0.000000000000000000e+00 0.000000000000000000e+00 0.000000000000000000e+00 1.000000000000000000e+00
-8.090170025825500488e-01 -4.999999403953552246e-01 3.090169429779052734e-01 0.000000000000000000e+00 5.877852439880371094e-01 -6.881910562515258789e-01 4.253254234790802002e-01 0.000000000000000000e+00 0.000000000000000000e+00 5.257310867309570312e-01 8.506507873535156250e-01 -8.500009179115295410e-01 0.000000000000000000e+00 0.000000000000000000e+00 0.000000000000000000e+00 1.000000000000000000e+00
-3.090170323848724365e-01 -8.090170025825500488e-01 4.999999701976776123e-01 0.000000000000000000e+00 9.510565400123596191e-01 -2.628656625747680664e-01 1.624598950147628784e-01 0.000000000000000000e+00 0.000000000000000000e+00 5.257310867309570312e-01 8.506507873535156250e-01 -1.000000953674316406e+00 0.000000000000000000e+00 0.000000000000000000e+00 0.000000000000000000e+00 1.000000000000000000e+00
3.090169727802276611e-01 -8.090170621871948242e-01 5.000000000000000000e-01 0.000000000000000000e+00 9.510565400123596191e-01 2.628654837608337402e-01 -1.624597758054733276e-01 0.000000000000000000e+00 0.000000000000000000e+00 5.257310867309570312e-01 8.506507873535156250e-01 -9.500009417533874512e-01 0.000000000000000000e+00 0.000000000000000000e+00 0.000000000000000000e+00 1.000000000000000000e+00
8.090170025825500488e-01 -5.000000596046447754e-01 3.090170323848724365e-01 0.000000000000000000e+00 5.877853035926818848e-01 6.881909370422363281e-01 -4.253253340721130371e-01 0.000000000000000000e+00 0.000000000000000000e+00 5.257310867309570312e-01 8.506507873535156250e-01 -9.500009417533874512e-01 0.000000000000000000e+00 0.000000000000000000e+00 0.000000000000000000e+00 1.000000000000000000e+00
1.000000000000000000e+00 -8.305619303428102285e-08 7.454045203303394374e-08 0.000000000000000000e+00 3.446844587529085402e-08 8.506508469581604004e-01 -5.257310867309570312e-01 0.000000000000000000e+00 0.000000000000000000e+00 5.257310867309570312e-01 8.506507873535156250e-01 -1.000000953674316406e+00 0.000000000000000000e+00 0.000000000000000000e+00 0.000000000000000000e+00 1.000000000000000000e+00
3.090169727802276611e-01 -8.090170025825500488e-01 -4.999999701976776123e-01 0.000000000000000000e+00 4.253253936767578125e-01 5.877852439880371094e-01 -6.881909370422363281e-01 0.000000000000000000e+00 8.506507873535156250e-01 0.000000000000000000e+00 5.257310867309570312e-01 -1.050000905990600586e+00 0.000000000000000000e+00 0.000000000000000000e+00 0.000000000000000000e+00 1.000000000000000000e+00
4.999999701976776123e-01 -3.090170323848724365e-01 -8.090169429779052734e-01 0.000000000000000000e+00 1.624598503112792969e-01 9.510565400123596191e-01 -2.628655731678009033e-01 0.000000000000000000e+00 8.506507873535156250e-01 0.000000000000000000e+00 5.257310867309570312e-01 -9.000009298324584961e-01 0.000000000000000000e+00 0.000000000000000000e+00 0.000000000000000000e+00 1.000000000000000000e+00
4.999999701976776123e-01 3.090169727802276611e-01 -8.090170025825500488e-01 0.000000000000000000e+00 -1.624598056077957153e-01 9.510565400123596191e-01 2.628654837608337402e-01 0.000000000000000000e+00 8.506507873535156250e-01 0.000000000000000000e+00 5.257310867309570312e-01 -1.050000905990600586e+00 0.000000000000000000e+00 0.000000000000000000e+00 0.000000000000000000e+00 1.000000000000000000e+00
3.090170025825500488e-01 8.090170025825500488e-01 -5.000000596046447754e-01 0.000000000000000000e+00 -4.253253340721130371e-01 5.877853035926818848e-01 6.881909370422363281e-01 0.000000000000000000e+00 8.506507873535156250e-01 0.000000000000000000e+00 5.257310867309570312e-01 -1.000000953674316406e+00 0.000000000000000000e+00 0.000000000000000000e+00 0.000000000000000000e+00 1.000000000000000000e+00
4.473812964533863124e-08 1.000000000000000000e+00 -8.305619303428102285e-08 0.000000000000000000e+00 -5.257310867309570312e-01 3.446844587529085402e-08 8.506508469581604004e-01 0.000000000000000000e+00 8.506507873535156250e-01 0.000000000000000000e+00 5.257310867309570312e-01 -9.500009417533874512e-01 0.000000000000000000e+00 0.000000000000000000e+00 0.000000000000000000e+00 1.000000000000000000e+00
-3.090169429779052734e-01 8.090170025825500488e-01 4.999999403953552246e-01 0.000000000000000000e+00 -4.253254234790802002e-01 -5.877852439880371094e-01 6.881910562515258789e-01 0.000000000000000000e+00 8.506507873535156250e-01 0.000000000000000000e+00 5.257310867309570312e-01 -1.050000905990600586e+00 0.000000000000000000e+00 0.000000000000000000e+00 0.000000000000000000e+00 1.000000000000000000e+00
-4.999999701976776123e-01 3.090170323848724365e-01 8.090170025825500488e-01 0.000000000000000000e+00 -1.624598950147628784e-01 -9.510565400123596191e-01 2.628656625747680664e-01 0.000000000000000000e+00 8.506507873535156250e-01 0.000000000000000000e+00 5.257310867309570312e-01 -9.000009298324584961e-01 0.000000000000000000e+00 0.000000000000000000e+00 0.000000000000000000e+00 1.000000000000000000e+00
-5.000000000000000000e-01 -3.090169727802276611e-01 8.090170621871948242e-01 0.000000000000000000e+00 1.624597758054733276e-01 -9.510565400123596191e-01 -2.628654837608337402e-01 0.000000000000000000e+00 8.506507873535156250e-01 0.000000000000000000e+00 5.257310867309570312e-01 -1.050000905990600586e+00 0.000000000000000000e+00 0.000000000000000000e+00 0.000000000000000000e+00 1.000000000000000000e+00
-3.090170323848724365e-01 -8.090170025825500488e-01 5.000000596046447754e-01 0.000000000000000000e+00 4.253253340721130371e-01 -5.877853035926818848e-01 -6.881909370422363281e-01 0.000000000000000000e+00 8.506507873535156250e-01 0.000000000000000000e+00 5.257310867309570312e-01 -1.000000953674316406e+00 0.000000000000000000e+00 0.000000000000000000e+00 0.000000000000000000e+00 1.000000000000000000e+00
-7.454045203303394374e-08 -1.000000000000000000e+00 8.305619303428102285e-08 0.000000000000000000e+00 5.257310867309570312e-01 -3.446844587529085402e-08 -8.506508469581604004e-01 0.000000000000000000e+00 8.506507873535156250e-01 0.000000000000000000e+00 5.257310867309570312e-01 -9.500009417533874512e-01 0.000000000000000000e+00 0.000000000000000000e+00 0.000000000000000000e+00 1.000000000000000000e+00
-3.090169727802276611e-01 8.090170025825500488e-01 -4.999999701976776123e-01 0.000000000000000000e+00 -4.253253936767578125e-01 -5.877852439880371094e-01 -6.881909370422363281e-01 0.000000000000000000e+00 -8.506507873535156250e-01 0.000000000000000000e+00 5.257310867309570312e-01 -1.000000953674316406e+00 0.000000000000000000e+00 0.000000000000000000e+00 0.000000000000000000e+00 1.000000000000000000e+00
-4.999999701976776123e-01 3.090170323848724365e-01 -8.090169429779052734e-01 0.000000000000000000e+00 -1.624598503112792969e-01 -9.510565400123596191e-01 -2.628655731678009033e-01 0.000000000000000000e+00 -8.506507873535156250e-01 0.000000000000000000e+00 5.257310867309570312e-01 -1.000000953674316406e+00 0.000000000000000000e+00 0.000000000000000000e+00 0.000000000000000000e+00 1.000000000000000000e+00
-4.999999701976776123e-01 -3.090169727802276611e-01 -8.090170025825500488e-01 0.000000000000000000e+00 1.624598056077957153e-01 -9.510565400123596191e-01 2.628654837608337402e-01 0.000000000000000000e+00 -8.506507873535156250e-01 0.000000000000000000e+00 5.257310867309570312e-01 -9.000009298324584961e-01 0.000000000000000000e+00 0.000000000000000000e+00 0.000000000000000000e+00 1.000000000000000000e+00
-3.090170025825500488e-01 -8.090170025825500488e-01 -5.000000596046447754e-01 0.000000000000000000e+00 4.253253340721130371e-01 -5.877853035926818848e-01 6.881909370422363281e-01 0.000000000000000000e+00 -8.506507873535156250e-01 0.000000000000000000e+00 5.257310867309570312e-01 -1.050000905990600586e+00 0.000000000000000000e+00 0.000000000000000000e+00 0.000000000000000000e+00 1.000000000000000000e+00
-4.473812964533863124e-08 -1.000000000000000000e+00 -8.305619303428102285e-08 0.000000000000000000e+00 5.257310867309570312e-01 -3.446844587529085402e-08 8.506508469581604004e-01 0.000000000000000000e+00 -8.506507873535156250e-01 0.000000000000000000e+00 5.257310867309570312e-01 -9.000009298324584961e-01 0.000000000000000000e+00 0.000000000000000000e+00 0.000000000000000000e+00 1.000000000000000000e+00
3.090169429779052734e-01 -8.090170025825500488e-01 4.999999403953552246e-01 0.000000000000000000e+00 4.253254234790802002e-01 5.877852439880371094e-01 6.881910562515258789e-01 0.000000000000000000e+00 -8.506507873535156250e-01 0.000000000000000000e+00 5.257310867309570312e-01 -1.000000953674316406e+00 0.000000000000000000e+00 0.000000000000000000e+00 0.000000000000000000e+00 1.000000000000000000e+00
4.999999701976776123e-01 -3.090170323848724365e-01 8.090170025825500488e-01 0.000000000000000000e+00 1.624598950147628784e-01 9.510565400123596191e-01 2.628656625747680664e-01 0.000000000000000000e+00 -8.506507873535156250e-01 0.000000000000000000e+00 5.257310867309570312e-01 -1.000000953674316406e+00 0.000000000000000000e+00 0.000000000000000000e+00 0.000000000000000000e+00 1.000000000000000000e+00
5.000000000000000000e-01 3.090169727802276611e-01 8.090170621871948242e-01 0.000000000000000000e+00 -1.624597758054733276e-01 9.510565400123596191e-01 -2.628654837608337402e-01 0.000000000000000000e+00 -8.506507873535156250e-01 0.000000000000000000e+00 5.257310867309570312e-01 -9.000009298324584961e-01 0.000000000000000000e+00 0.000000000000000000e+00 0.000000000000000000e+00 1.000000000000000000e+00
3.090170323848724365e-01 8.090170025825500488e-01 5.000000596046447754e-01 0.000000000000000000e+00 -4.253253340721130371e-01 5.877853035926818848e-01 -6.881909370422363281e-01 0.000000000000000000e+00 -8.506507873535156250e-01 0.000000000000000000e+00 5.257310867309570312e-01 -1.050000905990600586e+00 0.000000000000000000e+00 0.000000000000000000e+00 0.000000000000000000e+00 1.000000000000000000e+00
7.454045203303394374e-08 1.000000000000000000e+00 8.305619303428102285e-08 0.000000000000000000e+00 -5.257310867309570312e-01 3.446844587529085402e-08 -8.506508469581604004e-01 0.000000000000000000e+00 -8.506507873535156250e-01 0.000000000000000000e+00 5.257310867309570312e-01 -9.000009298324584961e-01 0.000000000000000000e+00 0.000000000000000000e+00 0.000000000000000000e+00 1.000000000000000000e+00
2.708168923854827881e-01 7.836824655532836914e-01 -5.590170025825500488e-01 0.000000000000000000e+00 -5.216796398162841797e-01 -3.685671985149383545e-01 -7.694209218025207520e-01 0.000000000000000000e+00 -8.090170025825500488e-01 5.000000000000000000e-01 3.090170025825500488e-01 -1.050000905990600586e+00 0.000000000000000000e+00 0.000000000000000000e+00 0.000000000000000000e+00 1.000000000000000000e+00
-8.754012733697891235e-02 4.173741042613983154e-01 -9.045085310935974121e-01 0.000000000000000000e+00 -5.812298655509948730e-01 -7.588141560554504395e-01 -2.938926517963409424e-01 0.000000000000000000e+00 -8.090170025825500488e-01 5.000000000000000000e-01 3.090170025825500488e-01 -1.100000858306884766e+00 0.000000000000000000e+00 0.000000000000000000e+00 0.000000000000000000e+00 1.000000000000000000e+00
-4.124597907066345215e-01 -1.083570048213005066e-01 -9.045085310935974121e-01 0.000000000000000000e+00 -4.187700450420379639e-01 -8.592199087142944336e-01 2.938925921916961670e-01 0.000000000000000000e+00 -8.090170025825500488e-01 5.000000000000000000e-01 3.090170025825500488e-01 -9.500009417533874512e-01 0.000000000000000000e+00 0.000000000000000000e+00 0.000000000000000000e+00 1.000000000000000000e+00
-5.798338055610656738e-01 -5.926994681358337402e-01 -5.590170621871948242e-01 0.000000000000000000e+00 -9.635430574417114258e-02 -6.314328908920288086e-01 7.694208621978759766e-01 0.000000000000000000e+00 -8.090170025825500488e-01 5.000000000000000000e-01 3.090170025825500488e-01 -1.100000858306884766e+00 0.000000000000000000e+00 0.000000000000000000e+00 0.000000000000000000e+00 1.000000000000000000e+00
-5.257310271263122559e-01 -8.506509065628051758e-01 -6.613265668420353904e-08 0.000000000000000000e+00 2.628654837608337402e-01 -1.624599397182464600e-01 9.510565400123596191e-01 0.000000000000000000e+00 -8.090170025825500488e-01 5.000000000000000000e-01 3.090170025825500488e-01 -1.000000953674316406e+00 0.000000000000000000e+00 0.000000000000000000e+00 0.000000000000000000e+00 1.000000000000000000e+00
-2.708168923854827881e-01 -7.836825847625732422e-01 5.590169429779052734e-01 0.000000000000000000e+00 5.216795802116394043e-01 3.685671985149383545e-01 7.694209218025207520e-01 0.000000000000000000e+00 -8.090170025825500488e-01 5.000000000000000000e-01 3.090170025825500488e-01 -1.050000905990600586e+00 0.000000000000000000e+00 0.000000000000000000e+00 0.000000000000000000e+00 1.000000000000000000e+00
8.754009008407592773e-02 -4.173741638660430908e-01 9.045084714889526367e-01 0.000000000000000000e+00 5.812298059463500977e-01 7.588142156600952148e-01 2.938927114009857178e-01 0.000000000000000000e+00 -8.090170025825500488e-01 5.000000000000000000e-01 3.090170025825500488e-01 -1.100000858306884766e+00 0.000000000000000000e+00 0.000000000000000000e+00 0.000000000000000000e+00 1.000000000000000000e+00
4.124597311019897461e-01 1.083570122718811035e-01 9.045085310935974121e-01 0.000000000000000000e+00 4.187700152397155762e-01 8.592199683189392090e-01 -2.938925325870513916e-01 0.000000000000000000e+00 -8.090170025825500488e-01 5.000000000000000000e-01 3.090170025825500488e-01 -9.500009417533874512e-01 0.000000000000000000e+00 0.000000000000000000e+00 0.000000000000000000e+00 1.000000000000000000e+00
5.798338055610656738e-01 5.926994681358337402e-01 5.590170621871948242e-01 0.000000000000000000e+00 9.635431319475173950e-02 6.314328908920288086e-01 -7.694208025932312012e-01 0.000000000000000000e+00 -8.090170025825500488e-01 5.000000000000000000e-01 3.090170025825500488e-01 -1.100000858306884766e+00 0.000000000000000000e+00 0.000000000000000000e+00 0.000000000000000000e+00 1.000000000000000000e+00
5.257310271263122559e-01 8.506509065628051758e-01 1.011673873563267989e-07 0.000000000000000000e+00 -2.628654837608337402e-01 1.624599397182464600e-01 -9.510564804077148438e-01 0.000000000000000000e+00 -8.090170025825500488e-01 5.000000000000000000e-01 3.090170025825500488e-01 -1.000000953674316406e+00 0.000000000000000000e+00 0.000000000000000000e+00 0.000000000000000000e+00 1.000000000000000000e+00
2.081691659986972809e-02 9.381909370422363281e-01 -3.454914987087249756e-01 0.000000000000000000e+00 -8.657751679420471191e-01 -1.559045016765594482e-01 -4.755282700061798096e-01 0.000000000000000000e+00 -5.000000000000000000e-01 3.090170025825500488e-01 8.090170025825500488e-01 -9.000009298324584961e-01 0.000000000000000000e+00 0.000000000000000000e+00 0.000000000000000000e+00 1.000000000000000000e+00
-4.920486211776733398e-01 6.673740148544311523e-01 -5.590170025825500488e-01 0.000000000000000000e+00 -7.126626968383789062e-01 -6.775841712951660156e-01 -1.816356629133224487e-01 0.000000000000000000e+00 -5.000000000000000000e-01 3.090170025825500488e-01 8.090170025825500488e-01 -9.500009417533874512e-01 0.000000000000000000e+00 0.000000000000000000e+00 0.000000000000000000e+00 1.000000000000000000e+00
-8.169683218002319336e-01 1.416429579257965088e-01 -5.590170025825500488e-01 0.000000000000000000e+00 -2.873373031616210938e-01 -9.404497146606445312e-01 1.816356182098388672e-01 0.000000000000000000e+00 -5.000000000000000000e-01 3.090170025825500488e-01 8.090170025825500488e-01 -8.500009179115295410e-01 0.000000000000000000e+00 0.000000000000000000e+00 0.000000000000000000e+00 1.000000000000000000e+00
-8.298338651657104492e-01 -4.381909072399139404e-01 -3.454915285110473633e-01 0.000000000000000000e+00 2.477411627769470215e-01 -8.440954685211181641e-01 4.755282700061798096e-01 0.000000000000000000e+00 -5.000000000000000000e-01 3.090170025825500488e-01 8.090170025825500488e-01 -9.500009417533874512e-01 0.000000000000000000e+00 0.000000000000000000e+00 0.000000000000000000e+00 1.000000000000000000e+00
-5.257310867309570312e-01 -8.506507873535156250e-01 -3.088480582391639473e-08 0.000000000000000000e+00 6.881908774375915527e-01 -4.253254234790802002e-01 5.877853035926818848e-01 0.000000000000000000e+00 -5.000000000000000000e-01 3.090170025825500488e-01 8.090170025825500488e-01 -8.500009179115295410e-01 0.000000000000000000e+00 0.000000000000000000e+00 0.000000000000000000e+00 1.000000000000000000e+00
-2.081695012748241425e-02 -9.381909370422363281e-01 3.454914987087249756e-01 0.000000000000000000e+00 8.657751083374023438e-01 1.559044718742370605e-01 4.755283296108245850e-01 0.000000000000000000e+00 -5.000000000000000000e-01 3.090170025825500488e-01 8.090170025825500488e-01 -9.000009298324584961e-01 0.000000000000000000e+00 0.000000000000000000e+00 0.000000000000000000e+00 1.000000000000000000e+00
4.920485615730285645e-01 -6.673740744590759277e-01 5.590170621871948242e-01 0.000000000000000000e+00 7.126626968383789062e-01 6.775841712951660156e-01 1.816357076168060303e-01 0.000000000000000000e+00 -5.000000000000000000e-01 3.090170025825500488e-01 8.090170025825500488e-01 -9.500009417533874512e-01 0.000000000000000000e+00 0.000000000000000000e+00 0.000000000000000000e+00 1.000000000000000000e+00
8.169682621955871582e-01 -1.416430175304412842e-01 5.590170621871948242e-01 0.000000000000000000e+00 2.873373627662658691e-01 9.404497146606445312e-01 -1.816356182098388672e-01 0.000000000000000000e+00 -5.000000000000000000e-01 3.090170025825500488e-01 8.090170025825500488e-01 -8.500009179115295410e-01 0.000000000000000000e+00 0.000000000000000000e+00 0.000000000000000000e+00 1.000000000000000000e+00
8.298339247703552246e-01 4.381908476352691650e-01 3.454915583133697510e-01 0.000000000000000000e+00 -2.477410882711410522e-01 8.440954685211181641e-01 -4.755282998085021973e-01 0.000000000000000000e+00 -5.000000000000000000e-01 3.090170025825500488e-01 8.090170025825500488e-01 -9.500009417533874512e-01 0.000000000000000000e+00 0.000000000000000000e+00 0.000000000000000000e+00 1.000000000000000000e+00
5.257312059402465820e-01 8.506507277488708496e-01 1.336744048785476480e-08 0.000000000000000000e+00 -6.881908774375915527e-01 4.253254830837249756e-01 -5.877853035926818848e-01 0.000000000000000000e+00 -5.000000000000000000e-01 3.090170025825500488e-01 8.090170025825500488e-01 -8.500009179115295410e-01 0.000000000000000000e+00 0.000000000000000000e+00 0.000000000000000000e+00 1.000000000000000000e+00
6.508939266204833984e-01 5.632215142250061035e-01 -5.090369582176208496e-01 0.000000000000000000e+00 -6.934303045272827148e-01 1.681458801031112671e-01 -7.006292343139648438e-01 0.000000000000000000e+00 -3.090170025825500488e-01 8.090170025825500488e-01 5.000000000000000000e-01 -9.500009417533874512e-01 0.000000000000000000e+00 0.000000000000000000e+00 0.000000000000000000e+00 1.000000000000000000e+00
1.189961656928062439e-01 5.544894337654113770e-01 -8.236390948295593262e-01 0.000000000000000000e+00 -9.435827732086181641e-01 -1.950204074382781982e-01 -2.676165401935577393e-01 0.000000000000000000e+00 -3.090170025825500488e-01 8.090170025825500488e-01 5.000000000000000000e-01 -1.100000858306884766e+00 0.000000000000000000e+00 0.000000000000000000e+00 0.000000000000000000e+00 1.000000000000000000e+00
-4.583541154861450195e-01 3.339612782001495361e-01 -8.236390948295593262e-01 0.000000000000000000e+00 -8.333187103271484375e-01 -4.836955368518829346e-01 2.676165699958801270e-01 0.000000000000000000e+00 -3.090170025825500488e-01 8.090170025825500488e-01 5.000000000000000000e-01 -1.000000953674316406e+00 0.000000000000000000e+00 0.000000000000000000e+00 0.000000000000000000e+00 1.000000000000000000e+00
-8.606287240982055664e-01 -1.412875484675168991e-02 -5.090369582176208496e-01 0.000000000000000000e+00 -4.047552049160003662e-01 -5.876154303550720215e-01 7.006292343139648438e-01 0.000000000000000000e+00 -3.090170025825500488e-01 8.090170025825500488e-01 5.000000000000000000e-01 -1.050000905990600586e+00 0.000000000000000000e+00 0.000000000000000000e+00 0.000000000000000000e+00 1.000000000000000000e+00
-9.341723918914794922e-01 -3.568220734596252441e-01 -2.197839421569369733e-08 0.000000000000000000e+00 1.784110218286514282e-01 -4.670861959457397461e-01 8.660253882408142090e-01 0.000000000000000000e+00 -3.090170025825500488e-01 8.090170025825500488e-01 5.000000000000000000e-01 -1.100000858306884766e+00 0.000000000000000000e+00 0.000000000000000000e+00 0.000000000000000000e+00 1.000000000000000000e+00
-6.508939862251281738e-01 -5.632215142250061035e-01 5.090368986129760742e-01 0.000000000000000000e+00 6.934303045272827148e-01 -1.681459248065948486e-01 7.006292939186096191e-01 0.000000000000000000e+00 -3.090170025825500488e-01 8.090170025825500488e-01 5.000000000000000000e-01 -9.500009417533874512e-01 0.000000000000000000e+00 0.000000000000000000e+00 0.000000000000000000e+00 1.000000000000000000e+00
-1.189962252974510193e-01 -5.544894933700561523e-01 8.236390948295593262e-01 0.000000000000000000e+00 9.435827732086181641e-01 1.950203776359558105e-01 2.676166296005249023e-01 0.000000000000000000e+00 -3.090170025825500488e-01 8.090170025825500488e-01 5.000000000000000000e-01 -1.100000858306884766e+00 0.000000000000000000e+00 0.000000000000000000e+00 0.000000000000000000e+00 1.000000000000000000e+00
4.583540558815002441e-01 -3.339613378047943115e-01 8.236391544342041016e-01 0.000000000000000000e+00 8.333187103271484375e-01 4.836955368518829346e-01 -2.676165103912353516e-01 0.000000000000000000e+00 -3.090170025825500488e-01 8.090170025825500488e-01 5.000000000000000000e-01 -1.000000953674316406e+00 0.000000000000000000e+00 0.000000000000000000e+00 0.000000000000000000e+00 1.000000000000000000e+00
8.606286644935607910e-01 1.412869524210691452e-02 5.090370774269104004e-01 0.000000000000000000e+00 4.047552645206451416e-01 5.876154303550720215e-01 -7.006292343139648438e-01 0.000000000000000000e+00 -3.090170025825500488e-01 8.090170025825500488e-01 5.000000000000000000e-01 -1.050000905990600586e+00 0.000000000000000000e+00 0.000000000000000000e+00 0.000000000000000000e+00 1.000000000000000000e+00
9.341723918914794922e-01 3.568220436573028564e-01 1.113853613787796348e-07 0.000000000000000000e+00 -1.784109622240066528e-01 4.670862257480621338e-01 -8.660254478454589844e-01 0.000000000000000000e+00 -3.090170025825500488e-01 8.090170025825500488e-01 5.000000000000000000e-01 -1.100000858306884766e+00 0.000000000000000000e+00 0.000000000000000000e+00 0.000000000000000000e+00 1.000000000000000000e+00
8.606287240982055664e-01 -1.412880327552556992e-02 -5.090369582176208496e-01 0.000000000000000000e+00 -4.047551453113555908e-01 5.876154303550720215e-01 -7.006292343139648438e-01 0.000000000000000000e+00 3.090170025825500488e-01 8.090170025825500488e-01 5.000000000000000000e-01 -1.000000953674316406e+00 0.000000000000000000e+00 0.000000000000000000e+00 0.000000000000000000e+00 1.000000000000000000e+00
4.583541452884674072e-01 3.339612483978271484e-01 -8.236390948295593262e-01 0.000000000000000000e+00 -8.333186507225036621e-01 4.836955666542053223e-01 -2.676165401935577393e-01 0.000000000000000000e+00 3.090170025825500488e-01 8.090170025825500488e-01 5.000000000000000000e-01 -1.050000905990600586e+00 0.000000000000000000e+00 0.000000000000000000e+00 0.000000000000000000e+00 1.000000000000000000e+00
-1.189961135387420654e-01 5.544894337654113770e-01 -8.236390948295593262e-01 0.000000000000000000e+00 -9.435827732086181641e-01 1.950204372406005859e-01 2.676165699958801270e-01 0.000000000000000000e+00 3.090170025825500488e-01 8.090170025825500488e-01 5.000000000000000000e-01 -1.050000905990600586e+00 0.000000000000000000e+00 0.000000000000000000e+00 0.000000000000000000e+00 1.000000000000000000e+00
-6.508939266204833984e-01 5.632215142250061035e-01 -5.090369582176208496e-01 0.000000000000000000e+00 -6.934303641319274902e-01 -1.681458503007888794e-01 7.006292343139648438e-01 0.000000000000000000e+00 3.090170025825500488e-01 8.090170025825500488e-01 5.000000000000000000e-01 -9.000009298324584961e-01 0.000000000000000000e+00 0.000000000000000000e+00 0.000000000000000000e+00 1.000000000000000000e+00
-9.341723918914794922e-01 3.568221330642700195e-01 -2.197839421569369733e-08 0.000000000000000000e+00 -1.784110963344573975e-01 -4.670861363410949707e-01 8.660253882408142090e-01 0.000000000000000000e+00 3.090170025825500488e-01 8.090170025825500488e-01 5.000000000000000000e-01 -1.100000858306884766e+00 0.000000000000000000e+00 0.000000000000000000e+00 0.000000000000000000e+00 1.000000000000000000e+00
-8.606287240982055664e-01 1.412882097065448761e-02 5.090368986129760742e-01 0.000000000000000000e+00 4.047551453113555908e-01 -5.876154303550720215e-01 7.006292939186096191e-01 0.000000000000000000e+00 3.090170025825500488e-01 8.090170025825500488e-01 5.000000000000000000e-01 -1.000000953674316406e+00 0.000000000000000000e+00 0.000000000000000000e+00 0.000000000000000000e+00 1.000000000000000000e+00
-4.583541452884674072e-01 -3.339612185955047607e-01 8.236390948295593262e-01 0.000000000000000000e+00 8.333186507225036621e-01 -4.836955964565277100e-01 2.676166296005249023e-01 0.000000000000000000e+00 3.090170025825500488e-01 8.090170025825500488e-01 5.000000000000000000e-01 -1.050000905990600586e+00 0.000000000000000000e+00 0.000000000000000000e+00 0.000000000000000000e+00 1.000000000000000000e+00
1.189961135387420654e-01 -5.544894337654113770e-01 8.236391544342041016e-01 0.000000000000000000e+00 9.435827732086181641e-01 -1.950204819440841675e-01 -2.676165103912353516e-01 0.000000000000000000e+00 3.090170025825500488e-01 8.090170025825500488e-01 5.000000000000000000e-01 -1.050000905990600586e+00 0.000000000000000000e+00 0.000000000000000000e+00 0.000000000000000000e+00 1.000000000000000000e+00
6.508939266204833984e-01 -5.632215142250061035e-01 5.090370774269104004e-01 0.000000000000000000e+00 6.934303641319274902e-01 1.681458204984664917e-01 -7.006292343139648438e-01 0.000000000000000000e+00 3.090170025825500488e-01 8.090170025825500488e-01 5.000000000000000000e-01 -9.000009298324584961e-01 0.000000000000000000e+00 0.000000000000000000e+00 0.000000000000000000e+00 1.000000000000000000e+00
9.341723918914794922e-01 -3.568221628665924072e-01 1.113853613787796348e-07 0.000000000000000000e+00 1.784110963344573975e-01 4.670861065387725830e-01 -8.660254478454589844e-01 0.000000000000000000e+00 3.090170025825500488e-01 8.090170025825500488e-01 5.000000000000000000e-01 -1.100000858306884766e+00 0.000000000000000000e+00 0.000000000000000000e+00 0.000000000000000000e+00 1.000000000000000000e+00
8.298338651657104492e-01 -4.381909370422363281e-01 -3.454914987087249756e-01 0.000000000000000000e+00 2.477411925792694092e-01 8.440954685211181641e-01 -4.755282700061798096e-01 0.000000000000000000e+00 5.000000000000000000e-01 3.090170025825500488e-01 8.090170025825500488e-01 -1.000000953674316406e+00 0.000000000000000000e+00 0.000000000000000000e+00 0.000000000000000000e+00 1.000000000000000000e+00
8.169683218002319336e-01 1.416429281234741211e-01 -5.590170025825500488e-01 0.000000000000000000e+00 -2.873372435569763184e-01 9.404497742652893066e-01 -1.816356629133224487e-01 0.000000000000000000e+00 5.000000000000000000e-01 3.090170025825500488e-01 8.090170025825500488e-01 -8.500009179115295410e-01 0.000000000000000000e+00 0.000000000000000000e+00 0.000000000000000000e+00 1.000000000000000000e+00
4.920486509799957275e-01 6.673740148544311523e-01 -5.590170025825500488e-01 0.000000000000000000e+00 -7.126626372337341309e-01 6.775842308998107910e-01 1.816356182098388672e-01 0.000000000000000000e+00 5.000000000000000000e-01 3.090170025825500488e-01 8.090170025825500488e-01 -1.050000905990600586e+00 0.000000000000000000e+00 0.000000000000000000e+00 0.000000000000000000e+00 1.000000000000000000e+00
-2.081685326993465424e-02 9.381909370422363281e-01 -3.454915285110473633e-01 0.000000000000000000e+00 -8.657751083374023438e-01 1.559045761823654175e-01 4.755282700061798096e-01 0.000000000000000000e+00 5.000000000000000000e-01 3.090170025825500488e-01 8.090170025825500488e-01 -9.000009298324584961e-01 0.000000000000000000e+00 0.000000000000000000e+00 0.000000000000000000e+00 1.000000000000000000e+00
-5.257310271263122559e-01 8.506507873535156250e-01 -3.088480582391639473e-08 0.000000000000000000e+00 -6.881909370422363281e-01 -4.253253340721130371e-01 5.877853035926818848e-01 0.000000000000000000e+00 5.000000000000000000e-01 3.090170025825500488e-01 8.090170025825500488e-01 -9.500009417533874512e-01 0.000000000000000000e+00 0.000000000000000000e+00 0.000000000000000000e+00 1.000000000000000000e+00
-8.298338055610656738e-01 4.381909966468811035e-01 3.454914987087249756e-01 0.000000000000000000e+00 -2.477412223815917969e-01 -8.440954089164733887e-01 4.755283296108245850e-01 0.000000000000000000e+00 5.000000000000000000e-01 3.090170025825500488e-01 8.090170025825500488e-01 -1.000000953674316406e+00 0.000000000000000000e+00 0.000000000000000000e+00 0.000000000000000000e+00 1.000000000000000000e+00
-8.169682621955871582e-01 -1.416428685188293457e-01 5.590170621871948242e-01 0.000000000000000000e+00 2.873372137546539307e-01 -9.404497146606445312e-01 1.816357076168060303e-01 0.000000000000000000e+00 5.000000000000000000e-01 3.090170025825500488e-01 8.090170025825500488e-01 -8.500009179115295410e-01 0.000000000000000000e+00 0.000000000000000000e+00 0.000000000000000000e+00 1.000000000000000000e+00
-4.920486807823181152e-01 -6.673739552497863770e-01 5.590170621871948242e-01 0.000000000000000000e+00 7.126625776290893555e-01 -6.775842308998107910e-01 -1.816356182098388672e-01 0.000000000000000000e+00 5.000000000000000000e-01 3.090170025825500488e-01 8.090170025825500488e-01 -1.050000905990600586e+00 0.000000000000000000e+00 0.000000000000000000e+00 0.000000000000000000e+00 1.000000000000000000e+00
2.081678807735443115e-02 -9.381908774375915527e-01 3.454915583133697510e-01 0.000000000000000000e+00 8.657751083374023438e-01 -1.559046059846878052e-01 -4.755282998085021973e-01 0.000000000000000000e+00 5.000000000000000000e-01 3.090170025825500488e-01 8.090170025825500488e-01 -9.000009298324584961e-01 0.000000000000000000e+00 0.000000000000000000e+00 0.000000000000000000e+00 1.000000000000000000e+00
5.257309675216674805e-01 -8.506508469581604004e-01 1.336744048785476480e-08 0.000000000000000000e+00 6.881909966468811035e-01 4.253253042697906494e-01 -5.877853035926818848e-01 0.000000000000000000e+00 5.000000000000000000e-01 3.090170025825500488e-01 8.090170025825500488e-01 -9.500009417533874512e-01 0.000000000000000000e+00 0.000000000000000000e+00 0.000000000000000000e+00 1.000000000000000000e+00
5.798338651657104492e-01 -5.926994085311889648e-01 -5.590170025825500488e-01 0.000000000000000000e+00 -9.635427594184875488e-02 6.314327716827392578e-01 -7.694209218025207520e-01 0.000000000000000000e+00 8.090170025825500488e-01 5.000000000000000000e-01 3.090170025825500488e-01 -1.050000905990600586e+00 0.000000000000000000e+00 0.000000000000000000e+00 0.000000000000000000e+00 1.000000000000000000e+00
4.124598503112792969e-01 -1.083570346236228943e-01 -9.045085310935974121e-01 0.000000000000000000e+00 -4.187700152397155762e-01 8.592197895050048828e-01 -2.938926517963409424e-01 0.000000000000000000e+00 8.090170025825500488e-01 5.000000000000000000e-01 3.090170025825500488e-01 -9.500009417533874512e-01 0.000000000000000000e+00 0.000000000000000000e+00 0.000000000000000000e+00 1.000000000000000000e+00
8.754020184278488159e-02 4.173740446567535400e-01 -9.045085310935974121e-01 0.000000000000000000e+00 -5.812298655509948730e-01 7.588140964508056641e-01 2.938925921916961670e-01 0.000000000000000000e+00 8.090170025825500488e-01 5.000000000000000000e-01 3.090170025825500488e-01 -1.100000858306884766e+00 0.000000000000000000e+00 0.000000000000000000e+00 0.000000000000000000e+00 1.000000000000000000e+00
-2.708168327808380127e-01 7.836824059486389160e-01 -5.590170621871948242e-01 0.000000000000000000e+00 -5.216796994209289551e-01 3.685671985149383545e-01 7.694208621978759766e-01 0.000000000000000000e+00 8.090170025825500488e-01 5.000000000000000000e-01 3.090170025825500488e-01 -9.500009417533874512e-01 0.000000000000000000e+00 0.000000000000000000e+00 0.000000000000000000e+00 1.000000000000000000e+00
-5.257310271263122559e-01 8.506507873535156250e-01 -6.613265668420353904e-08 0.000000000000000000e+00 -2.628656029701232910e-01 -1.624598205089569092e-01 9.510565400123596191e-01 0.000000000000000000e+00 8.090170025825500488e-01 5.000000000000000000e-01 3.090170025825500488e-01 -1.000000953674316406e+00 0.000000000000000000e+00 0.000000000000000000e+00 0.000000000000000000e+00 1.000000000000000000e+00
-5.798338651657104492e-01 5.926994681358337402e-01 5.590169429779052734e-01 0.000000000000000000e+00 9.635420143604278564e-02 -6.314327120780944824e-01 7.694209218025207520e-01 0.000000000000000000e+00 8.090170025825500488e-01 5.000000000000000000e-01 3.090170025825500488e-01 -1.050000905990600586e+00 0.000000000000000000e+00 0.000000000000000000e+00 0.000000000000000000e+00 1.000000000000000000e+00
-4.124598801136016846e-01 1.083571314811706543e-01 9.045084714889526367e-01 0.000000000000000000e+00 4.187699556350708008e-01 -8.592197895050048828e-01 2.938927114009857178e-01 0.000000000000000000e+00 8.090170025825500488e-01 5.000000000000000000e-01 3.090170025825500488e-01 -9.500009417533874512e-01 0.000000000000000000e+00 0.000000000000000000e+00 0.000000000000000000e+00 1.000000000000000000e+00
-8.754026889801025391e-02 -4.173739552497863770e-01 9.045085310935974121e-01 0.000000000000000000e+00 5.812298655509948730e-01 -7.588141560554504395e-01 -2.938925325870513916e-01 0.000000000000000000e+00 8.090170025825500488e-01 5.000000000000000000e-01 3.090170025825500488e-01 -1.100000858306884766e+00 0.000000000000000000e+00 0.000000000000000000e+00 0.000000000000000000e+00 1.000000000000000000e+00
