0:
- cam_R_m2c: [0.99917501, -0.02999250, 0.02737190, -0.01319400, -0.87733400, -0.47969899, 0.03840170, 0.47894201, -0.87700599]
  cam_t_m2c: [-1.64189978, -81.29900694, 1029.99741383]
  obj_bb: [314, 165, 21, 72]
  obj_id: 11
1:
- cam_R_m2c: [0.99991697, 0.01272180, -0.00212423, 0.01010420, -0.87499601, -0.48402500, -0.00801636, 0.48396301, -0.87505198]
  cam_t_m2c: [16.69680025, -80.82515080, 978.78883341]
  obj_bb: [324, 161, 22, 76]
  obj_id: 11
2:
- cam_R_m2c: [0.95301801, 0.27699599, 0.12260000, 0.30287600, -0.86490202, -0.40026301, -0.00483445, 0.41859001, -0.90816301]
  cam_t_m2c: [63.72063369, -113.94721043, 872.09538471]
  obj_bb: [344, 131, 39, 82]
  obj_id: 11
3:
- cam_R_m2c: [0.98387998, 0.17415100, 0.04064170, 0.17319000, -0.87129098, -0.45919201, -0.04455810, 0.45882899, -0.88740700]
  cam_t_m2c: [44.74725515, -80.63228499, 778.01260984]
  obj_bb: [339, 140, 34, 95]
  obj_id: 11
4:
- cam_R_m2c: [0.93474698, -0.28010100, -0.21861200, -0.35384601, -0.78969800, -0.50116903, -0.03225990, 0.54582202, -0.83727998]
  cam_t_m2c: [10.57763594, -89.36528455, 757.01102045]
  obj_bb: [314, 127, 46, 103]
  obj_id: 11
5:
- cam_R_m2c: [0.94756198, -0.25048000, -0.19846000, -0.31860399, -0.78874302, -0.52571499, -0.02485250, 0.56137800, -0.82718599]
  cam_t_m2c: [13.01595263, -90.10869025, 791.82150735]
  obj_bb: [318, 131, 41, 100]
  obj_id: 11
6:
- cam_R_m2c: [0.96009302, -0.20959300, -0.18518300, -0.27813300, -0.78509599, -0.55341297, -0.02939470, 0.58283299, -0.81206000]
  cam_t_m2c: [-5.73374728, -72.53369378, 713.57711887]
  obj_bb: [302, 131, 45, 114]
  obj_id: 11
7:
- cam_R_m2c: [0.95661300, -0.22344799, -0.18697999, -0.28990200, -0.79408401, -0.53421599, -0.02910890, 0.56524402, -0.82441002]
  cam_t_m2c: [-15.46410288, -79.90685259, 677.15983644]
  obj_bb: [291, 119, 50, 119]
  obj_id: 11
8:
- cam_R_m2c: [0.96299797, -0.24762000, -0.10639400, -0.26593000, -0.80890399, -0.52436203, 0.04377960, 0.53325301, -0.84482199]
  cam_t_m2c: [-5.63847485, -78.54184139, 942.51595645]
  obj_bb: [309, 157, 30, 83]
  obj_id: 11
9:
- cam_R_m2c: [0.96540099, -0.24883600, -0.07798920, -0.25091100, -0.80491501, -0.53773201, 0.07103260, 0.53869599, -0.83950102]
  cam_t_m2c: [-20.25043387, -85.55110380, 1000.35248736]
  obj_bb: [301, 158, 28, 78]
  obj_id: 11
10:
- cam_R_m2c: [0.94191498, 0.33107200, 0.05645440, 0.27283400, -0.65627098, -0.70346999, -0.19585000, 0.67801201, -0.70847899]
  cam_t_m2c: [126.67132461, -6.61000776, 1034.75779721]
  obj_bb: [377, 200, 30, 84]
  obj_id: 11
11:
- cam_R_m2c: [0.93577802, 0.34657499, 0.06485060, 0.28845799, -0.64674002, -0.70605898, -0.20276099, 0.67942101, -0.70517802]
  cam_t_m2c: [126.41884679, -6.61349817, 1023.71369127]
  obj_bb: [377, 200, 31, 84]
  obj_id: 11
12:
- cam_R_m2c: [0.92146301, 0.37031600, 0.11735500, 0.34968701, -0.65914702, -0.66576600, -0.16919000, 0.65451598, -0.73687398]
  cam_t_m2c: [108.94467147, -37.68268626, 986.71780224]
  obj_bb: [366, 181, 36, 86]
  obj_id: 11
13:
- cam_R_m2c: [0.87874401, 0.44386101, 0.17548800, 0.44904000, -0.64420003, -0.61916798, -0.16177499, 0.62289101, -0.76539898]
  cam_t_m2c: [92.03410908, -59.86298886, 871.06580578]
  obj_bb: [357, 159, 48, 95]
  obj_id: 11
14:
- cam_R_m2c: [0.87121999, 0.46129400, 0.16788200, 0.46224701, -0.65579200, -0.59688002, -0.16524100, 0.59761602, -0.78456998]
  cam_t_m2c: [84.18985543, -91.26438950, 778.65203846]
  obj_bb: [355, 124, 54, 108]
  obj_id: 11
15:
- cam_R_m2c: [0.85522699, 0.48166999, 0.19126301, 0.50096601, -0.67381603, -0.54314399, -0.13274001, 0.56032699, -0.81756502]
  cam_t_m2c: [52.16147846, -123.80120446, 672.06152623]
  obj_bb: [332, 76, 64, 126]
  obj_id: 11
16:
- cam_R_m2c: [0.95065099, -0.29770601, -0.08737070, -0.30590200, -0.85231799, -0.42423901, 0.05183070, 0.43002999, -0.90132499]
  cam_t_m2c: [0.44340657, 5.80732194, 1022.01188973]
  obj_bb: [313, 220, 28, 61]
  obj_id: 11
17:
- cam_R_m2c: [0.94552898, -0.30674899, -0.10900100, -0.32402200, -0.85450602, -0.40599200, 0.03139580, 0.41919601, -0.90735298]
  cam_t_m2c: [12.64636001, -11.82740484, 974.20652133]
  obj_bb: [319, 208, 31, 65]
  obj_id: 11
18:
- cam_R_m2c: [0.94183898, -0.31950000, -0.10420800, -0.33401701, -0.85577798, -0.39506701, 0.03704460, 0.40689600, -0.91272300]
  cam_t_m2c: [-3.97670580, -45.88296663, 877.64406205]
  obj_bb: [308, 181, 34, 73]
  obj_id: 11
19:
- cam_R_m2c: [0.95112401, -0.26150501, -0.16425100, -0.30507001, -0.87819499, -0.36838099, -0.04791130, 0.40048501, -0.91505003]
  cam_t_m2c: [46.70492518, -79.79841397, 766.28606696]
  obj_bb: [344, 144, 37, 87]
  obj_id: 11
20:
- cam_R_m2c: [0.99296600, -0.11294900, -0.03551510, -0.11777400, -0.91138899, -0.39433399, 0.01217160, 0.39574301, -0.91828102]
  cam_t_m2c: [-21.77182487, -103.66607897, 671.08420851]
  obj_bb: [289, 104, 36, 108]
  obj_id: 11
21:
- cam_R_m2c: [0.90752399, 0.41582501, 0.05907140, 0.37132201, -0.72864503, -0.57549697, -0.19626400, 0.54421198, -0.81566799]
  cam_t_m2c: [-90.45068385, -74.05605237, 1008.67229061]
  obj_bb: [258, 164, 33, 80]
  obj_id: 11
22:
- cam_R_m2c: [0.89903700, 0.43481401, 0.05166150, 0.37870100, -0.71288902, -0.59023303, -0.21981201, 0.55020601, -0.80557799]
  cam_t_m2c: [-83.29358430, -71.82266273, 975.66530889]
  obj_bb: [260, 162, 34, 83]
  obj_id: 11
23:
- cam_R_m2c: [0.87606502, 0.47845399, 0.05993030, 0.41813701, -0.69189698, -0.58859098, -0.24014799, 0.54070300, -0.80620700]
  cam_t_m2c: [-91.22002086, -82.68203042, 873.71963891]
  obj_bb: [246, 144, 40, 95]
  obj_id: 11
24:
- cam_R_m2c: [0.83020800, 0.54586202, 0.11309100, 0.51065302, -0.66332603, -0.54702199, -0.22358200, 0.51189202, -0.82944399]
  cam_t_m2c: [-86.67577780, -125.05990852, 762.10326039]
  obj_bb: [236, 96, 47, 110]
  obj_id: 11
25:
- cam_R_m2c: [0.82513100, 0.54293299, 0.15614800, 0.52588302, -0.63717699, -0.56343001, -0.20641100, 0.54701900, -0.81127399]
  cam_t_m2c: [-116.85784215, -122.90933091, 699.72309796]
  obj_bb: [202, 83, 53, 122]
  obj_id: 11
26:
- cam_R_m2c: [0.82551801, 0.54418498, 0.14960800, 0.52101302, -0.63292998, -0.57266498, -0.21694399, 0.55069298, -0.80602199]
  cam_t_m2c: [-118.05494973, -117.46437084, 672.34487258]
  obj_bb: [196, 80, 56, 128]
  obj_id: 11
27:
- cam_R_m2c: [0.81004602, 0.57398802, -0.11984500, 0.48341599, -0.76940203, -0.41752699, -0.33186400, 0.28028101, -0.90072697]
  cam_t_m2c: [93.26980097, -113.75354111, 1016.95257011]
  obj_bb: [362, 148, 34, 69]
  obj_id: 11
28:
- cam_R_m2c: [0.79440898, 0.58925903, -0.14726700, 0.47834399, -0.75638503, -0.44617099, -0.37430200, 0.28399801, -0.88274801]
  cam_t_m2c: [108.15324885, -91.69974736, 973.33826829]
  obj_bb: [372, 156, 37, 73]
  obj_id: 11
29:
- cam_R_m2c: [0.78528303, 0.60079300, -0.14959100, 0.48131400, -0.74436599, -0.46287799, -0.38944501, 0.29148999, -0.87370801]
  cam_t_m2c: [112.13431912, -79.11952989, 959.44841983]
  obj_bb: [375, 162, 37, 74]
  obj_id: 11
30:
- cam_R_m2c: [0.71074098, 0.70151901, -0.05213790, 0.60634202, -0.64851600, -0.46019199, -0.35664600, 0.29546401, -0.88628697]
  cam_t_m2c: [50.73615163, -107.28101804, 874.70688633]
  obj_bb: [337, 133, 43, 84]
  obj_id: 11
31:
- cam_R_m2c: [0.65949398, 0.74770403, 0.07749560, 0.69425601, -0.56631500, -0.44417900, -0.28822699, 0.34673500, -0.89257997]
  cam_t_m2c: [-15.42064268, -127.44659039, 775.19275110]
  obj_bb: [286, 103, 51, 95]
  obj_id: 11
32:
- cam_R_m2c: [0.62387598, 0.78138798, 0.01456320, 0.70593202, -0.55544001, -0.43948299, -0.33531800, 0.28446400, -0.89813298]
  cam_t_m2c: [6.68845393, -134.63925904, 673.71753494]
  obj_bb: [300, 73, 59, 113]
  obj_id: 11
33:
- cam_R_m2c: [0.76134503, -0.64012402, -0.10293300, -0.57083702, -0.58654797, -0.57454801, 0.30740699, 0.49618700, -0.81197202]
  cam_t_m2c: [-136.94764133, -102.11788887, 1019.64886970]
  obj_bb: [234, 148, 39, 79]
  obj_id: 11
34:
- cam_R_m2c: [0.77317601, -0.62862599, -0.08382860, -0.54147100, -0.58552903, -0.60329503, 0.33016300, 0.51184398, -0.79310000]
  cam_t_m2c: [-131.21518026, -68.56090864, 976.04105894]
  obj_bb: [233, 164, 40, 83]
  obj_id: 11
35:
- cam_R_m2c: [0.90661401, -0.42061400, 0.03370140, -0.32250401, -0.74221301, -0.58746099, 0.27210799, 0.52173102, -0.80855000]
  cam_t_m2c: [-45.45245043, -114.92728669, 876.69219617]
  obj_bb: [279, 122, 33, 97]
  obj_id: 11
36:
- cam_R_m2c: [0.96749002, -0.19698399, 0.15862000, -0.09493210, -0.86417598, -0.49415401, 0.23441599, 0.46303099, -0.85478199]
  cam_t_m2c: [16.40046451, -153.49483883, 772.48636480]
  obj_bb: [313, 78, 41, 108]
  obj_id: 11
37:
- cam_R_m2c: [0.97661197, -0.04366630, 0.21052900, 0.05363420, -0.89873099, -0.43520799, 0.20821300, 0.43632099, -0.87536901]
  cam_t_m2c: [43.00009273, -143.21568223, 665.42741484]
  obj_bb: [331, 62, 58, 121]
  obj_id: 11
38:
- cam_R_m2c: [0.96257502, 0.19432400, 0.18891200, 0.26328099, -0.83583099, -0.48173600, 0.06428580, 0.51344401, -0.85571200]
  cam_t_m2c: [58.27459889, -84.33865829, 678.37524699]
  obj_bb: [342, 118, 58, 114]
  obj_id: 11
39:
- cam_R_m2c: [0.99785298, -0.04165040, -0.05053390, -0.05233340, -0.97105998, -0.23303100, -0.03936560, 0.23517500, -0.97115600]
  cam_t_m2c: [4.42108551, -102.08651918, 1020.96347724]
  obj_bb: [317, 163, 22, 54]
  obj_id: 11
40:
- cam_R_m2c: [0.99783301, -0.02100870, -0.06235180, -0.03435130, -0.97458798, -0.22135700, -0.05611690, 0.22302000, -0.97319698]
  cam_t_m2c: [15.51225276, -121.12015517, 963.51135282]
  obj_bb: [323, 146, 23, 59]
  obj_id: 11
41:
- cam_R_m2c: [0.98344100, 0.17127199, -0.05924480, 0.15095200, -0.95503598, -0.25518700, -0.10028700, 0.24201800, -0.96507502]
  cam_t_m2c: [56.39155370, -105.67341435, 882.06778265]
  obj_bb: [349, 146, 27, 66]
  obj_id: 11
42:
- cam_R_m2c: [0.97492898, 0.22082999, -0.02735810, 0.20704700, -0.94530398, -0.25205401, -0.08152280, 0.24007000, -0.96732599]
  cam_t_m2c: [56.42838103, -114.66654273, 865.06143561]
  obj_bb: [347, 137, 30, 69]
  obj_id: 11
43:
- cam_R_m2c: [0.88403600, 0.46426001, 0.05424930, 0.46438199, -0.85914803, -0.21497500, -0.05319620, 0.21523800, -0.97511202]
  cam_t_m2c: [50.97924007, -125.56130998, 763.11570162]
  obj_bb: [338, 115, 44, 77]
  obj_id: 11
44:
- cam_R_m2c: [0.87273502, 0.47677100, 0.10498800, 0.48243701, -0.80933398, -0.33501300, -0.07475450, 0.34302801, -0.93634599]
  cam_t_m2c: [17.77126936, -31.26782693, 676.17977335]
  obj_bb: [310, 178, 51, 87]
  obj_id: 11
45:
- cam_R_m2c: [0.82903600, 0.55722600, 0.04688670, 0.49838600, -0.69825703, -0.51385599, -0.25359499, 0.44937199, -0.85659498]
  cam_t_m2c: [-50.19618126, -20.34563716, 883.21775027]
  obj_bb: [273, 193, 40, 81]
  obj_id: 11
46:
- cam_R_m2c: [0.98623198, -0.15119401, 0.06698000, -0.12881500, -0.95639098, -0.26215100, 0.10369500, 0.24991401, -0.96270001]
  cam_t_m2c: [27.52946286, -48.62077671, 943.28684776]
  obj_bb: [326, 190, 28, 57]
  obj_id: 11
47:
- cam_R_m2c: [0.79450899, 0.60645199, 0.03116070, 0.53038800, -0.66804099, -0.52192801, -0.29570800, 0.43120399, -0.85241997]
  cam_t_m2c: [99.13506484, -29.90934223, 1027.21559294]
  obj_bb: [359, 194, 36, 70]
  obj_id: 11
48:
- cam_R_m2c: [0.82163501, 0.56996000, 0.00778822, 0.48811299, -0.69646001, -0.52601302, -0.29438201, 0.43599200, -0.85044098]
  cam_t_m2c: [94.52769246, -32.34225980, 978.21569276]
  obj_bb: [360, 190, 36, 75]
  obj_id: 11
49:
- cam_R_m2c: [0.94923800, 0.29148200, -0.11825800, 0.18797401, -0.82707298, -0.52973199, -0.25221500, 0.48061201, -0.83987999]
  cam_t_m2c: [71.27661284, -15.58859467, 866.30944923]
  obj_bb: [358, 194, 32, 85]
  obj_id: 11
50:
- cam_R_m2c: [0.98280501, 0.07180930, -0.17010801, -0.01732470, -0.88134998, -0.47214600, -0.18382999, 0.46697399, -0.86495203]
  cam_t_m2c: [31.77000880, -36.93312615, 782.75121082]
  obj_bb: [333, 175, 35, 90]
  obj_id: 11
51:
- cam_R_m2c: [0.92180502, -0.29915300, -0.24654099, -0.37484899, -0.84997201, -0.37018499, -0.09881050, 0.43365401, -0.89564502]
  cam_t_m2c: [-50.06868151, -77.87904115, 678.82623345]
  obj_bb: [253, 132, 66, 99]
  obj_id: 11
52:
- cam_R_m2c: [0.91546601, 0.40232399, -0.00753104, 0.38124600, -0.87318802, -0.30363500, -0.12873600, 0.27509701, -0.95275903]
  cam_t_m2c: [-11.05130308, -37.30054517, 1025.16894110]
  obj_bb: [305, 200, 30, 54]
  obj_id: 11
53:
- cam_R_m2c: [0.89442402, 0.44688201, -0.01739320, 0.42093301, -0.85434997, -0.30479601, -0.15106800, 0.26529500, -0.95225900]
  cam_t_m2c: [-1.71806792, -55.67104926, 974.43645770]
  obj_bb: [308, 185, 33, 59]
  obj_id: 11
54:
- cam_R_m2c: [0.78797001, 0.61458302, 0.03729190, 0.59306902, -0.74132299, -0.31418100, -0.16544500, 0.26968199, -0.94863099]
  cam_t_m2c: [23.61433618, -70.17841609, 874.35141495]
  obj_bb: [318, 168, 42, 67]
  obj_id: 11
55:
- cam_R_m2c: [0.80913699, 0.58311701, 0.07260790, 0.56906998, -0.74678701, -0.34419301, -0.14648201, 0.31981900, -0.93608701]
  cam_t_m2c: [-2.41735827, -57.45333713, 780.15836721]
  obj_bb: [298, 166, 46, 78]
  obj_id: 11
56:
- cam_R_m2c: [0.82094902, 0.56880701, 0.05000400, 0.54754102, -0.75935102, -0.35154700, -0.16199200, 0.31598201, -0.93483400]
  cam_t_m2c: [-1.17472518, -55.82561653, 773.62463177]
  obj_bb: [300, 166, 46, 80]
  obj_id: 11
57:
- cam_R_m2c: [0.95072699, 0.30011499, -0.07777190, 0.25404900, -0.89793301, -0.35941100, -0.17769900, 0.32194400, -0.92993301]
  cam_t_m2c: [-32.02285219, -49.47460364, 677.41916076]
  obj_bb: [278, 159, 47, 94]
  obj_id: 11
58:
- cam_R_m2c: [0.69019598, 0.71547002, -0.10831400, 0.62368202, -0.66407400, -0.41234300, -0.36694801, 0.21704400, -0.90456700]
  cam_t_m2c: [85.66037133, -50.84318466, 1023.26110219]
  obj_bb: [355, 187, 38, 62]
  obj_id: 11
59:
- cam_R_m2c: [0.74720299, 0.65766197, -0.09575400, 0.54493099, -0.68874800, -0.47820100, -0.38044500, 0.30513299, -0.87301499]
  cam_t_m2c: [35.33017420, -6.14586843, 979.43015982]
  obj_bb: [328, 209, 39, 68]
  obj_id: 11
60:
- cam_R_m2c: [0.86104399, 0.46906701, -0.19641501, 0.36036500, -0.83534098, -0.41514200, -0.35880300, 0.28667501, -0.88830101]
  cam_t_m2c: [5.13239765, -48.24371998, 870.49079914]
  obj_bb: [310, 177, 45, 77]
  obj_id: 11
61:
- cam_R_m2c: [0.90763599, 0.28198001, -0.31094000, 0.15932100, -0.91675198, -0.36631101, -0.38834700, 0.28293800, -0.87700200]
  cam_t_m2c: [-15.65413512, -45.65167820, 748.61358908]
  obj_bb: [287, 171, 62, 84]
  obj_id: 11
62:
- cam_R_m2c: [0.99505597, 0.09521030, -0.02826500, 0.07266500, -0.89192599, -0.44630501, -0.06770310, 0.44204399, -0.89443499]
  cam_t_m2c: [-42.44376535, -45.52158694, 1028.21800794]
  obj_bb: [291, 188, 24, 67]
  obj_id: 11
63:
- cam_R_m2c: [0.84206301, -0.53907698, -0.01807560, -0.46026799, -0.70068002, -0.54516202, 0.28121901, 0.46737999, -0.83813602]
  cam_t_m2c: [139.39860270, -40.81804089, 1022.65701631]
  obj_bb: [382, 187, 37, 73]
  obj_id: 11
64:
- cam_R_m2c: [0.79743201, -0.60271299, -0.02897840, -0.53022802, -0.67698699, -0.51043701, 0.28802899, 0.42240399, -0.85942698]
  cam_t_m2c: [83.28398484, -67.86578361, 968.54140682]
  obj_bb: [354, 168, 38, 76]
  obj_id: 11
65:
- cam_R_m2c: [0.68544501, -0.71942800, -0.11219500, -0.65927100, -0.54780799, -0.51504099, 0.30907401, 0.42699900, -0.84979099]
  cam_t_m2c: [34.11118732, -53.75948595, 879.52037272]
  obj_bb: [327, 169, 45, 83]
  obj_id: 11
66:
- cam_R_m2c: [0.47887501, -0.86418200, -0.15449201, -0.81213802, -0.36927700, -0.45173699, 0.33333299, 0.34179401, -0.87867302]
  cam_t_m2c: [-46.08835888, -69.71580506, 775.37038308]
  obj_bb: [270, 150, 57, 86]
  obj_id: 11
67:
- cam_R_m2c: [0.41950101, -0.88381797, -0.20708700, -0.86300099, -0.31755599, -0.39292100, 0.28150901, 0.34354800, -0.89595097]
  cam_t_m2c: [-26.65460664, -75.92392055, 670.06756638]
  obj_bb: [276, 132, 69, 94]
  obj_id: 11
68:
- cam_R_m2c: [0.93354601, -0.35804799, -0.01711290, -0.33079800, -0.84214300, -0.42587399, 0.13807200, 0.40323400, -0.90462101]
  cam_t_m2c: [73.24599198, -68.56431893, 1015.33153550]
  obj_bb: [350, 174, 29, 68]
  obj_id: 11
69:
- cam_R_m2c: [0.91788399, -0.39572999, -0.02977870, -0.37264100, -0.83365500, -0.40762600, 0.13648500, 0.38525000, -0.91266298]
  cam_t_m2c: [62.26695041, -89.91811007, 970.62222101]
  obj_bb: [345, 158, 31, 71]
  obj_id: 11
70:
- cam_R_m2c: [0.79642600, -0.60260898, -0.05067590, -0.56604701, -0.71336102, -0.41316700, 0.21282800, 0.35774201, -0.90924400]
  cam_t_m2c: [-24.56149999, -74.79291616, 876.30117171]
  obj_bb: [291, 159, 40, 77]
  obj_id: 11
71:
- cam_R_m2c: [0.80839199, -0.58860499, -0.00686206, -0.53923702, -0.73581398, -0.40963599, 0.23606500, 0.33484700, -0.91222298]
  cam_t_m2c: [-31.34781215, -80.83811809, 774.13986433]
  obj_bb: [281, 142, 44, 90]
  obj_id: 11
72:
- cam_R_m2c: [0.94860101, -0.29524800, 0.11395400, -0.23679499, -0.90104699, -0.36337700, 0.20996501, 0.31771600, -0.92464697]
  cam_t_m2c: [-8.13913335, -100.27050206, 656.63678473]
  obj_bb: [292, 106, 45, 107]
  obj_id: 11
73:
- cam_R_m2c: [0.98715597, -0.15976200, -0.00009274, -0.13283500, -0.82045299, -0.55606800, 0.08876240, 0.54893798, -0.83113700]
  cam_t_m2c: [117.67615188, -70.75340680, 918.08032345]
  obj_bb: [380, 159, 32, 86]
  obj_id: 11
74:
- cam_R_m2c: [0.99071097, -0.13468499, 0.01875270, -0.10462400, -0.84304798, -0.52756500, 0.08686440, 0.52070200, -0.84930801]
  cam_t_m2c: [113.03064875, -72.54163604, 873.95792344]
  obj_bb: [379, 154, 34, 89]
  obj_id: 11
75:
- cam_R_m2c: [0.96486598, -0.25527099, -0.06220460, -0.25222099, -0.83357799, -0.49146000, 0.07360320, 0.48988199, -0.86867601]
  cam_t_m2c: [123.32272646, -90.31434969, 983.41173395]
  obj_bb: [381, 155, 28, 77]
  obj_id: 11
76:
- cam_R_m2c: [0.95957297, 0.19074699, 0.20696700, 0.25529400, -0.89946598, -0.35466200, 0.11850900, 0.39316201, -0.91180003]
  cam_t_m2c: [60.35089416, -78.53353413, 776.39973445]
  obj_bb: [341, 148, 52, 84]
  obj_id: 11
77:
- cam_R_m2c: [0.95497900, 0.19165500, 0.22645900, 0.26462299, -0.89538002, -0.35814801, 0.13412599, 0.40195000, -0.90578502]
  cam_t_m2c: [29.21133919, -95.18252211, 666.79975797]
  obj_bb: [317, 114, 60, 103]
  obj_id: 11
78:
- cam_R_m2c: [0.83564502, -0.54723603, 0.04723360, -0.43620899, -0.71343702, -0.54838800, 0.33379599, 0.43765399, -0.83488899]
  cam_t_m2c: [69.62239158, -96.58327100, 1007.49517200]
  obj_bb: [343, 151, 38, 79]
  obj_id: 11
79:
- cam_R_m2c: [0.75521100, -0.65410203, -0.04251900, -0.56440598, -0.61592299, -0.54962301, 0.33332101, 0.43907899, -0.83433002]
  cam_t_m2c: [35.30235417, -103.29116506, 982.08867075]
  obj_bb: [327, 145, 38, 81]
  obj_id: 11
80:
- cam_R_m2c: [0.92291802, -0.35915199, 0.13867900, -0.23342800, -0.80846000, -0.54028100, 0.30616000, 0.46626401, -0.82997900]
  cam_t_m2c: [36.81504534, -26.58736437, 793.20342318]
  obj_bb: [325, 180, 45, 95]
  obj_id: 11
81:
- cam_R_m2c: [0.95160103, -0.22639900, 0.20784301, -0.08000170, -0.83543301, -0.54373801, 0.29674101, 0.50079399, -0.81311202]
  cam_t_m2c: [45.92403622, -0.87580751, 725.40880382]
  obj_bb: [330, 196, 55, 101]
  obj_id: 11
82:
- cam_R_m2c: [0.97049898, -0.09844940, 0.22009200, 0.00298911, -0.90785497, -0.41927400, 0.24108800, 0.40756300, -0.88077801]
  cam_t_m2c: [66.65328153, -71.41534223, 673.00220006]
  obj_bb: [348, 134, 63, 105]
  obj_id: 11
83:
- cam_R_m2c: [0.89547598, -0.44446599, -0.02391830, -0.37560600, -0.72572303, -0.57640803, 0.23883601, 0.52514303, -0.81681198]
  cam_t_m2c: [-10.26207441, -48.26955289, 915.78523642]
  obj_bb: [302, 173, 34, 86]
  obj_id: 11
84:
- cam_R_m2c: [0.79354697, -0.60653901, -0.04892660, -0.51658702, -0.62899798, -0.58094698, 0.32159200, 0.48628399, -0.81246901]
  cam_t_m2c: [-41.07895007, -65.35127816, 1033.55828011]
  obj_bb: [287, 171, 35, 77]
  obj_id: 11
85:
- cam_R_m2c: [0.66838002, 0.74186200, -0.05393290, 0.52494401, -0.52183098, -0.67240298, -0.52697498, 0.42110899, -0.73821700]
  cam_t_m2c: [115.00072539, -55.57619776, 1035.78788398]
  obj_bb: [369, 173, 38, 82]
  obj_id: 11
86:
- cam_R_m2c: [0.72148001, 0.69181198, 0.02937250, 0.54715800, -0.54360002, -0.63648802, -0.42436299, 0.47528499, -0.77072698]
  cam_t_m2c: [5.31132105, -78.90605686, 991.69114218]
  obj_bb: [308, 157, 39, 84]
  obj_id: 11
87:
- cam_R_m2c: [0.83344501, 0.54022801, -0.11628700, 0.35427201, -0.68385601, -0.63783401, -0.42409900, 0.49040201, -0.76134402]
  cam_t_m2c: [-41.54115700, -29.69170321, 885.13862082]
  obj_bb: [280, 180, 44, 93]
  obj_id: 11
88:
- cam_R_m2c: [0.78990501, 0.60772699, -0.08195910, 0.48089099, -0.69681501, -0.53215802, -0.38051701, 0.38094100, -0.84266901]
  cam_t_m2c: [-109.36328726, -62.55045941, 1030.24087164]
  obj_bb: [247, 174, 42, 74]
  obj_id: 11
89:
- cam_R_m2c: [0.79991800, 0.58700401, -0.12473300, 0.45475900, -0.72855502, -0.51225299, -0.39156899, 0.35303700, -0.84972900]
  cam_t_m2c: [-90.74586076, -81.08494198, 982.59624384]
  obj_bb: [254, 160, 45, 77]
  obj_id: 11
90:
- cam_R_m2c: [0.86945701, 0.39529899, -0.29628101, 0.22514100, -0.85091698, -0.47460699, -0.43972200, 0.34594601, -0.82883400]
  cam_t_m2c: [-78.12479344, -31.22039874, 885.18336503]
  obj_bb: [251, 187, 58, 80]
  obj_id: 11
91:
- cam_R_m2c: [0.86412799, 0.41629699, -0.28280601, 0.24691500, -0.84034598, -0.48254800, -0.43853801, 0.34715399, -0.82895601]
  cam_t_m2c: [-101.03039057, -61.62024075, 776.74657616]
  obj_bb: [222, 154, 69, 95]
  obj_id: 11
92:
- cam_R_m2c: [0.83180100, 0.50286698, -0.23501600, 0.33176699, -0.78985000, -0.51581699, -0.44501501, 0.35108700, -0.82383299]
  cam_t_m2c: [-128.43840946, -58.90254356, 674.82501013]
  obj_bb: [182, 140, 82, 114]
  obj_id: 11
93:
- cam_R_m2c: [0.81600600, 0.50014699, -0.28980601, 0.29653499, -0.79255700, -0.53284103, -0.49618700, 0.34886301, -0.79504299]
  cam_t_m2c: [-102.66944217, -32.37763763, 690.28052170]
  obj_bb: [206, 165, 81, 110]
  obj_id: 11
94:
- cam_R_m2c: [0.80720198, 0.51165903, -0.29433101, 0.29469299, -0.78136498, -0.55011398, -0.51144999, 0.35731500, -0.78150100]
  cam_t_m2c: [-98.49341313, -19.14516943, 685.37045602]
  obj_bb: [209, 176, 82, 110]
  obj_id: 11
95:
- cam_R_m2c: [0.71650201, 0.65668201, -0.23535800, 0.32726100, -0.61438501, -0.71793598, -0.61605603, 0.43737900, -0.65511400]
  cam_t_m2c: [45.88939561, -56.86773087, 1047.21740958]
  obj_bb: [333, 171, 43, 86]
  obj_id: 11
96:
- cam_R_m2c: [0.74468702, 0.62629801, -0.23063201, 0.31815001, -0.63688999, -0.70224798, -0.58670402, 0.44957900, -0.67354101]
  cam_t_m2c: [-2.22661977, -64.59731427, 1000.50517605]
  obj_bb: [306, 164, 45, 89]
  obj_id: 11
97:
- cam_R_m2c: [0.77917999, 0.53823602, -0.32121599, 0.17696100, -0.68052101, -0.71103799, -0.60130101, 0.49718401, -0.62549597]
  cam_t_m2c: [-48.85243028, 7.67671858, 898.16241203]
  obj_bb: [272, 203, 57, 96]
  obj_id: 11
98:
- cam_R_m2c: [0.67901200, 0.70531398, -0.20365401, 0.38176101, -0.57619202, -0.72267598, -0.62705702, 0.41295901, -0.66050297]
  cam_t_m2c: [-44.82025273, -77.42263607, 809.19104718]
  obj_bb: [270, 133, 59, 113]
  obj_id: 11
99:
- cam_R_m2c: [0.66358501, 0.72618097, -0.17976400, 0.40949500, -0.55368900, -0.72508103, -0.62607300, 0.40753999, -0.66478801]
  cam_t_m2c: [-43.23677561, -82.13990420, 799.36640379]
  obj_bb: [271, 128, 58, 115]
  obj_id: 11
100:
- cam_R_m2c: [0.62520599, 0.77066803, -0.12323700, 0.47779199, -0.50280100, -0.72035098, -0.61711597, 0.39148599, -0.68257397]
  cam_t_m2c: [-73.94275304, -117.22362613, 692.65326648]
  obj_bb: [236, 78, 67, 137]
  obj_id: 11
101:
- cam_R_m2c: [0.58051300, 0.77951401, -0.23529100, 0.54827601, -0.58785301, -0.59482998, -0.60199499, 0.21630301, -0.76864499]
  cam_t_m2c: [-7.43464111, -13.85352201, 1041.02957189]
  obj_bb: [303, 201, 46, 73]
  obj_id: 11
102:
- cam_R_m2c: [0.64768398, 0.70130998, -0.29777399, 0.45002601, -0.66749799, -0.59323102, -0.61480302, 0.25022101, -0.74793500]
  cam_t_m2c: [-29.69032506, 18.38270149, 991.97425938]
  obj_bb: [289, 219, 51, 76]
  obj_id: 11
103:
- cam_R_m2c: [0.58157498, 0.78324902, -0.21975400, 0.53946000, -0.57352400, -0.61648399, -0.60889500, 0.23998301, -0.75607902]
  cam_t_m2c: [-44.00877411, -29.46315739, 888.77174841]
  obj_bb: [275, 182, 55, 89]
  obj_id: 11
104:
- cam_R_m2c: [0.47643301, 0.87920898, -0.00179616, 0.65222001, -0.35479900, -0.66987002, -0.58959299, 0.31797701, -0.74247599]
  cam_t_m2c: [-120.29240655, -40.35262155, 800.29181268]
  obj_bb: [216, 164, 54, 102]
  obj_id: 11
105:
- cam_R_m2c: [0.45381501, 0.89102501, -0.01124500, 0.65359098, -0.34141001, -0.67546898, -0.60569900, 0.29918799, -0.73730302]
  cam_t_m2c: [-104.72833082, -41.99834519, 788.13499490]
  obj_bb: [225, 161, 55, 104]
  obj_id: 11
106:
- cam_R_m2c: [0.32490799, 0.94311500, -0.07048930, 0.68514800, -0.28610301, -0.66986400, -0.65192598, 0.16934800, -0.73913002]
  cam_t_m2c: [-51.15138091, -79.02930777, 693.17821312]
  obj_bb: [256, 116, 63, 122]
  obj_id: 11
107:
- cam_R_m2c: [0.40555501, 0.90567702, -0.12359000, 0.71556097, -0.39869699, -0.57359600, -0.56876802, 0.14418800, -0.80976099]
  cam_t_m2c: [-35.87336084, -106.07667923, 650.40613614]
  obj_bb: [264, 86, 70, 126]
  obj_id: 11
108:
- cam_R_m2c: [0.72617900, 0.68615699, -0.04302640, 0.53729302, -0.60544997, -0.58714998, -0.42892799, 0.40325901, -0.80833399]
  cam_t_m2c: [-54.41837566, -15.42071322, 1017.63427474]
  obj_bb: [277, 200, 39, 74]
  obj_id: 11
109:
- cam_R_m2c: [0.98496598, 0.08808340, -0.14860401, -0.06026650, -0.63097501, -0.77345902, -0.16189399, 0.77078599, -0.61618102]
  cam_t_m2c: [-39.05462772, -17.54776249, 1036.22227294]
  obj_bb: [291, 191, 31, 89]
  obj_id: 11
110:
- cam_R_m2c: [0.98846000, 0.12719899, -0.08226240, 0.01804380, -0.63805401, -0.76977998, -0.15040299, 0.75941300, -0.63298601]
  cam_t_m2c: [-41.51518797, -30.74841308, 1000.01347728]
  obj_bb: [290, 181, 28, 93]
  obj_id: 11
111:
- cam_R_m2c: [0.95924002, 0.28242901, 0.00965686, 0.19183600, -0.62569898, -0.75610799, -0.20750400, 0.72714102, -0.65437502]
  cam_t_m2c: [3.79513441, -54.67198046, 898.38920362]
  obj_bb: [312, 158, 31, 104]
  obj_id: 11
112:
- cam_R_m2c: [0.96182901, 0.09093740, -0.25810000, -0.11334400, -0.72607702, -0.67820698, -0.24907500, 0.68157399, -0.68805498]
  cam_t_m2c: [-32.50686642, -44.98775229, 655.27258016]
  obj_bb: [270, 139, 62, 135]
  obj_id: 11
113:
- cam_R_m2c: [0.87157899, 0.48972699, 0.02275140, 0.32876900, -0.54943299, -0.76813698, -0.36367700, 0.67697197, -0.63988101]
  cam_t_m2c: [24.35157320, -77.63625872, 1050.06791893]
  obj_bb: [321, 158, 33, 89]
  obj_id: 11
114:
- cam_R_m2c: [0.83929998, 0.53973901, 0.06524770, 0.39395499, -0.52107400, -0.75715297, -0.37466699, 0.66118300, -0.64997000]
  cam_t_m2c: [20.43982136, -88.70974056, 1033.42087411]
  obj_bb: [317, 150, 35, 90]
  obj_id: 11
115:
- cam_R_m2c: [0.81050003, 0.57592398, 0.10677300, 0.45098400, -0.49726200, -0.74117798, -0.37376800, 0.64887798, -0.66276300]
  cam_t_m2c: [14.13550226, -89.24949955, 1000.25380289]
  obj_bb: [311, 148, 38, 91]
  obj_id: 11
116:
- cam_R_m2c: [0.82367998, 0.56485099, 0.04994470, 0.40615299, -0.52620399, -0.74709302, -0.39571500, 0.63565099, -0.66284001]
  cam_t_m2c: [30.15518657, -72.42206268, 964.26982856]
  obj_bb: [322, 154, 38, 95]
  obj_id: 11
117:
- cam_R_m2c: [0.86457300, 0.49986899, -0.05142970, 0.30185100, -0.59843600, -0.74213201, -0.40174600, 0.62610298, -0.66827798]
  cam_t_m2c: [17.57350861, -65.62344213, 895.85878875]
  obj_bb: [319, 152, 37, 102]
  obj_id: 11
118:
- cam_R_m2c: [0.92399597, 0.33857000, -0.17777100, 0.10640000, -0.67414403, -0.73089600, -0.36730200, 0.65643001, -0.65893000]
  cam_t_m2c: [-21.84337521, -15.84968225, 793.93739660]
  obj_bb: [291, 178, 47, 113]
  obj_id: 11
119:
- cam_R_m2c: [0.93092400, 0.26626500, -0.24996699, 0.01862970, -0.71817100, -0.69561797, -0.36473799, 0.64291000, -0.67352301]
  cam_t_m2c: [-33.83223729, -26.02779245, 696.02088255]
  obj_bb: [273, 162, 60, 126]
  obj_id: 11
120:
- cam_R_m2c: [0.91381902, 0.13634899, -0.38255000, -0.14844100, -0.76464403, -0.62712401, -0.37802199, 0.62986398, -0.67850602]
  cam_t_m2c: [0.98248063, -74.69791649, 781.29306653]
  obj_bb: [298, 137, 62, 109]
  obj_id: 11
121:
- cam_R_m2c: [0.91464198, 0.13057099, -0.38259900, -0.15260200, -0.76487499, -0.62584198, -0.37435701, 0.63080698, -0.67966098]
  cam_t_m2c: [14.50789737, -72.59800393, 809.51608174]
  obj_bb: [309, 143, 59, 104]
  obj_id: 11
122:
- cam_R_m2c: [0.94442999, 0.30567399, -0.12089200, 0.15413700, -0.73665297, -0.65847099, -0.29033300, 0.60324597, -0.74283302]
  cam_t_m2c: [-45.18030544, -17.94055488, 1002.13803150]
  obj_bb: [285, 194, 35, 83]
  obj_id: 11
123:
- cam_R_m2c: [0.94849402, 0.29148600, -0.12407200, 0.13706701, -0.73069400, -0.66880399, -0.28560600, 0.61734998, -0.73301297]
  cam_t_m2c: [-51.90196447, -16.28935675, 1011.95606114]
  obj_bb: [282, 195, 34, 83]
  obj_id: 11
124:
- cam_R_m2c: [0.77454901, 0.58865798, -0.23141900, 0.27062899, -0.63911402, -0.71992499, -0.57169300, 0.49498901, -0.65433401]
  cam_t_m2c: [54.32467435, -35.84887332, 1046.12657114]
  obj_bb: [339, 183, 40, 85]
  obj_id: 11
125:
- cam_R_m2c: [0.73505598, 0.64338398, -0.21389200, 0.30890101, -0.59861898, -0.73907697, -0.60355002, 0.47719201, -0.63875997]
  cam_t_m2c: [78.37695473, -23.33001732, 998.08777322]
  obj_bb: [353, 187, 42, 90]
  obj_id: 11
126:
- cam_R_m2c: [0.69191599, 0.72046298, -0.04674770, 0.47372100, -0.50190598, -0.72365701, -0.54483098, 0.47856399, -0.68857503]
  cam_t_m2c: [30.26722917, -48.65821299, 891.44082312]
  obj_bb: [323, 164, 44, 99]
  obj_id: 11
127:
- cam_R_m2c: [0.75543100, 0.62504297, -0.19658500, 0.37500599, -0.65846503, -0.65252900, -0.53730297, 0.41922000, -0.73181999]
  cam_t_m2c: [4.97591157, -96.96554689, 783.31243735]
  obj_bb: [306, 117, 55, 114]
  obj_id: 11
128:
- cam_R_m2c: [0.79448199, 0.52687198, -0.30200201, 0.26711699, -0.74978697, -0.60536599, -0.54538703, 0.40028301, -0.73642802]
  cam_t_m2c: [-26.50142728, -97.55208251, 683.56481630]
  obj_bb: [275, 100, 71, 127]
  obj_id: 11
129:
- cam_R_m2c: [0.93997103, -0.33486000, -0.06575330, -0.26951900, -0.61028099, -0.74492699, 0.20931800, 0.71793199, -0.66389698]
  cam_t_m2c: [-125.84720354, 15.97669160, 1034.67459996]
  obj_bb: [243, 212, 30, 85]
  obj_id: 11
130:
- cam_R_m2c: [0.95671201, -0.28165799, -0.07328630, -0.24513800, -0.64413601, -0.72456598, 0.15687300, 0.71116602, -0.68529803]
  cam_t_m2c: [-95.28527831, -13.68363476, 992.65268552]
  obj_bb: [257, 193, 31, 89]
  obj_id: 11
131:
- cam_R_m2c: [0.98211598, -0.18802600, 0.00973676, -0.12352000, -0.68248498, -0.72038603, 0.14209700, 0.70630002, -0.69350499]
  cam_t_m2c: [-51.88705273, -18.45715988, 937.87339678]
  obj_bb: [281, 187, 25, 94]
  obj_id: 11
132:
- cam_R_m2c: [0.88213199, -0.46871799, 0.04632650, -0.30993301, -0.65171701, -0.69224697, 0.35466099, 0.59629601, -0.72017199]
  cam_t_m2c: [77.99245286, -10.27391918, 889.50278237]
  obj_bb: [352, 191, 41, 96]
  obj_id: 11
133:
- cam_R_m2c: [0.93185800, -0.31828699, 0.17416801, -0.16178200, -0.79417998, -0.58575201, 0.32475799, 0.51766002, -0.79155600]
  cam_t_m2c: [78.39628576, -81.88392108, 776.26053398]
  obj_bb: [351, 132, 53, 107]
  obj_id: 11
134:
- cam_R_m2c: [0.95053899, -0.24695000, 0.18839100, -0.11155500, -0.83748603, -0.53495097, 0.28988099, 0.48747599, -0.82361197]
  cam_t_m2c: [80.53523365, -84.50402500, 647.22812447]
  obj_bb: [358, 108, 68, 126]
  obj_id: 11
135:
- cam_R_m2c: [0.83240598, -0.55237597, -0.04451360, -0.54188597, -0.79451102, -0.27406499, 0.11602000, 0.25225499, -0.96068001]
  cam_t_m2c: [159.38961847, 18.28419071, 1011.15218012]
  obj_bb: [394, 235, 37, 47]
  obj_id: 11
136:
- cam_R_m2c: [0.78193802, -0.62253797, -0.03191380, -0.61180502, -0.75663197, -0.23065899, 0.11944700, 0.19988599, -0.97251099]
  cam_t_m2c: [121.64344717, -21.62640932, 962.53573611]
  obj_bb: [375, 211, 40, 48]
  obj_id: 11
137:
- cam_R_m2c: [0.60552102, -0.79345101, -0.06148260, -0.78082198, -0.57739401, -0.23860900, 0.15382500, 0.19248900, -0.96916801]
  cam_t_m2c: [67.97357865, -54.09691775, 848.35524805]
  obj_bb: [347, 182, 47, 57]
  obj_id: 11
138:
- cam_R_m2c: [0.76002198, -0.64796501, -0.05007050, -0.63633400, -0.72629100, -0.25996199, 0.13208000, 0.22943801, -0.96432000]
  cam_t_m2c: [90.75141304, -21.84956554, 762.24802813]
  obj_bb: [366, 200, 49, 65]
  obj_id: 11
139:
- cam_R_m2c: [0.95320499, -0.25408700, 0.16382800, -0.24933100, -0.96716201, -0.04931440, 0.17097799, 0.00615937, -0.98525602]
  cam_t_m2c: [15.84192503, -141.66620003, 650.18090403]
  obj_bb: [308, 87, 52, 76]
  obj_id: 11
140:
- cam_R_m2c: [0.94097197, -0.25277200, 0.22511800, -0.21755800, -0.96115500, -0.16985500, 0.25930801, 0.11085200, -0.95941198]
  cam_t_m2c: [-18.23672655, -102.15489889, 753.50490022]
  obj_bb: [284, 136, 46, 70]
  obj_id: 11
141:
- cam_R_m2c: [0.92544001, -0.28707099, 0.24728701, -0.24901700, -0.95272499, -0.17408700, 0.28557199, 0.09952810, -0.95317501]
  cam_t_m2c: [-33.33122721, -106.17988970, 775.43225754]
  obj_bb: [273, 136, 46, 68]
  obj_id: 11
142:
- cam_R_m2c: [0.86132699, -0.41574100, 0.29201800, -0.34484401, -0.90050697, -0.26489401, 0.37309200, 0.12746000, -0.91899699]
  cam_t_m2c: [-94.50836248, -76.64102521, 882.17681399]
  obj_bb: [238, 167, 43, 63]
  obj_id: 11
143:
- cam_R_m2c: [0.85937703, -0.41405001, 0.30005699, -0.19793400, -0.81041598, -0.55140501, 0.47148001, 0.41447401, -0.77840698]
  cam_t_m2c: [-128.52810668, 138.35600874, 974.67804790]
  obj_bb: [226, 296, 38, 67]
  obj_id: 11
144:
- cam_R_m2c: [0.97197098, -0.15029700, 0.18078500, -0.08470780, -0.94120198, -0.32705301, 0.21931100, 0.30257201, -0.92755198]
  cam_t_m2c: [15.60663583, -15.05818666, 781.46400216]
  obj_bb: [312, 201, 43, 72]
  obj_id: 11
145:
- cam_R_m2c: [0.97597498, -0.11405100, 0.18564700, -0.05163770, -0.94885600, -0.31145799, 0.21167500, 0.29438901, -0.93194902]
  cam_t_m2c: [21.64796817, -13.05225536, 756.98701798]
  obj_bb: [316, 203, 45, 72]
  obj_id: 11
146:
- cam_R_m2c: [0.96925402, -0.03931660, 0.24290100, 0.02142400, -0.96991903, -0.24248201, 0.24512801, 0.24023101, -0.93925601]
  cam_t_m2c: [0.70828209, -12.35782823, 659.59788746]
  obj_bb: [296, 202, 55, 74]
  obj_id: 11
147:
- cam_R_m2c: [0.96562302, -0.19135100, 0.17594799, -0.08302180, -0.86842698, -0.48881701, 0.24633300, 0.45740601, -0.85445899]
  cam_t_m2c: [-127.87189685, 180.44984111, 961.84078008]
  obj_bb: [235, 327, 26, 58]
  obj_id: 11
148:
- cam_R_m2c: [0.99756300, -0.06952300, -0.00583062, -0.06827190, -0.95555902, -0.28678399, 0.01436660, 0.28648299, -0.95797801]
  cam_t_m2c: [-28.51077488, 54.70813706, 863.97295950]
  obj_bb: [293, 259, 26, 53]
  obj_id: 11
149:
- cam_R_m2c: [0.98621899, 0.16417301, 0.02046520, 0.16396900, -0.95343602, -0.25312701, -0.02204450, 0.25299400, -0.96721703]
  cam_t_m2c: [-14.88259995, 40.64102463, 783.29756584]
  obj_bb: [300, 251, 30, 56]
  obj_id: 11
150:
- cam_R_m2c: [0.98171401, 0.18979700, 0.01468280, 0.18734200, -0.94955897, -0.25147599, -0.03378730, 0.24962901, -0.96775198]
  cam_t_m2c: [-12.79299764, 31.23828843, 773.54294625]
  obj_bb: [301, 244, 31, 58]
  obj_id: 11
151:
- cam_R_m2c: [0.99792397, -0.02665040, 0.05862170, -0.02316430, -0.99796802, -0.05936320, 0.06008470, 0.05788210, -0.99651402]
  cam_t_m2c: [-37.48261450, -79.26831548, 739.59749954]
  obj_bb: [282, 157, 29, 59]
  obj_id: 11
152:
- cam_R_m2c: [0.99716198, -0.06792530, 0.03247740, 0.02309010, -0.13468100, -0.99062002, 0.07166230, 0.98855799, -0.13273001]
  cam_t_m2c: [-140.90437872, 181.17021690, 996.71318936]
  obj_bb: [233, 297, 22, 104]
  obj_id: 11
153:
- cam_R_m2c: [0.98914599, -0.10553900, 0.10223100, 0.07830560, -0.21008600, -0.97454202, 0.12433000, 0.97197002, -0.19954100]
  cam_t_m2c: [-163.84133686, 130.13994096, 1044.32639922]
  obj_bb: [222, 267, 24, 98]
  obj_id: 11
154:
- cam_R_m2c: [0.98303998, 0.06427520, 0.17175700, 0.18186000, -0.46239799, -0.86782199, 0.02364090, 0.88433999, -0.46624500]
  cam_t_m2c: [-12.76723792, -71.87439462, 978.04034810]
  obj_bb: [300, 151, 30, 102]
  obj_id: 11
155:
- cam_R_m2c: [0.96034998, 0.12324700, 0.25007600, 0.27807400, -0.48802701, -0.82734799, 0.02007540, 0.86408299, -0.50294799]
  cam_t_m2c: [11.58721043, -88.89948477, 904.51495781]
  obj_bb: [308, 134, 42, 108]
  obj_id: 11
156:
- cam_R_m2c: [0.92585802, 0.18379401, 0.33016199, 0.37727401, -0.49876699, -0.78031802, 0.02125630, 0.84702498, -0.53112799]
  cam_t_m2c: [24.83086455, -87.66861159, 806.75770442]
  obj_bb: [310, 124, 59, 117]
  obj_id: 11
157:
- cam_R_m2c: [0.95056498, 0.22384401, 0.21522100, 0.30708700, -0.57476997, -0.75850898, -0.04608480, 0.78710401, -0.61509597]
  cam_t_m2c: [56.41087378, -107.01026123, 697.75117279]
  obj_bb: [339, 87, 57, 139]
  obj_id: 11
158:
- cam_R_m2c: [0.96890700, 0.23332199, 0.08234090, 0.21437500, -0.62546599, -0.75022399, -0.12354300, 0.74454898, -0.65603697]
  cam_t_m2c: [-71.33556130, -102.49901543, 1037.46399352]
  obj_bb: [271, 143, 28, 90]
  obj_id: 11
159:
- cam_R_m2c: [0.98589301, -0.15390600, -0.06579110, -0.16001600, -0.75136900, -0.64018703, 0.04909510, 0.64168298, -0.76539701]
  cam_t_m2c: [-50.99816470, -48.08745587, 798.80701124]
  obj_bb: [273, 158, 34, 106]
  obj_id: 11
160:
- cam_R_m2c: [0.96320099, -0.26823801, 0.01706470, -0.16205500, -0.63021898, -0.75931698, 0.21443200, 0.72860903, -0.65049797]
  cam_t_m2c: [-142.25576714, -28.45543852, 980.37280398]
  obj_bb: [230, 182, 26, 93]
  obj_id: 11
161:
- cam_R_m2c: [0.96221602, -0.27223101, 0.00560001, -0.17013900, -0.61716801, -0.76821601, 0.21258800, 0.73823702, -0.64016598]
  cam_t_m2c: [-146.69423161, -31.33535358, 1003.40763726]
  obj_bb: [230, 181, 26, 92]
  obj_id: 11
162:
- cam_R_m2c: [0.99357599, -0.10944400, -0.02879500, -0.08635170, -0.56872398, -0.81798297, 0.07314650, 0.81521499, -0.57452101]
  cam_t_m2c: [-56.59592740, -9.07766580, 886.15226893]
  obj_bb: [276, 186, 27, 107]
  obj_id: 11
163:
- cam_R_m2c: [0.99571198, -0.02865710, 0.08795750, 0.05252990, -0.60749602, -0.79258400, 0.07614700, 0.79380602, -0.60338598]
  cam_t_m2c: [-60.11975892, -36.37135537, 789.97976191]
  obj_bb: [267, 159, 29, 120]
  obj_id: 11
164:
- cam_R_m2c: [0.98163199, 0.05689080, 0.18210199, 0.17313100, -0.66662198, -0.72501099, 0.08014690, 0.74322098, -0.66422802]
  cam_t_m2c: [-39.72668345, -82.17020466, 709.17943599]
  obj_bb: [270, 112, 40, 133]
  obj_id: 11
165:
- cam_R_m2c: [0.97440100, 0.07440440, 0.21214999, 0.20525800, -0.67940998, -0.70446497, 0.09172150, 0.72997701, -0.67729002]
  cam_t_m2c: [-38.20384578, -90.81020018, 687.08875955]
  obj_bb: [267, 101, 45, 136]
  obj_id: 11
166:
- cam_R_m2c: [0.98589599, -0.16665401, -0.01536020, -0.12867001, -0.69608402, -0.70633602, 0.10702200, 0.69835001, -0.70771003]
  cam_t_m2c: [-18.37663486, -112.61725009, 645.55110563]
  obj_bb: [291, 69, 36, 149]
  obj_id: 11
167:
- cam_R_m2c: [0.87576801, -0.48138499, -0.03604340, -0.33118400, -0.54483199, -0.77037299, 0.35120800, 0.68660498, -0.63657302]
  cam_t_m2c: [30.95114296, -61.30314438, 1046.01137681]
  obj_bb: [326, 167, 32, 89]
  obj_id: 11
168:
- cam_R_m2c: [0.88718098, -0.45752501, -0.05983360, -0.33601099, -0.55172700, -0.76334399, 0.31623700, 0.69732898, -0.64321500]
  cam_t_m2c: [59.32100854, -60.81815138, 991.98536064]
  obj_bb: [343, 163, 33, 93]
  obj_id: 11
169:
- cam_R_m2c: [0.88550699, -0.46281201, -0.04101060, -0.32752299, -0.55916798, -0.76161599, 0.32955301, 0.68784899, -0.64672899]
  cam_t_m2c: [43.00453613, -52.80469922, 938.51650805]
  obj_bb: [334, 164, 35, 98]
  obj_id: 11
170:
- cam_R_m2c: [0.88792002, -0.45616901, -0.05922990, -0.33870301, -0.56121999, -0.75519103, 0.31125301, 0.69060999, -0.65282398]
  cam_t_m2c: [51.75653500, -59.45073112, 921.51024216]
  obj_bb: [340, 158, 35, 100]
  obj_id: 11
171:
- cam_R_m2c: [0.89533001, -0.43813100, -0.08015720, -0.34781700, -0.57533699, -0.74027801, 0.27822101, 0.69067299, -0.66750598]
  cam_t_m2c: [59.02009431, -69.36502307, 889.47584469]
  obj_bb: [346, 149, 36, 103]
  obj_id: 11
172:
- cam_R_m2c: [0.91135001, -0.40556300, -0.07043120, -0.32090601, -0.59284502, -0.73861700, 0.25780100, 0.69573998, -0.67043602]
  cam_t_m2c: [49.40260053, -67.37228578, 784.66323132]
  obj_bb: [342, 137, 40, 118]
  obj_id: 11
173:
- cam_R_m2c: [0.94038701, -0.33482900, 0.05968130, -0.19777700, -0.68112200, -0.70495200, 0.27668899, 0.65112400, -0.70673901]
  cam_t_m2c: [27.93837596, -80.90762106, 686.00194176]
  obj_bb: [323, 110, 45, 135]
  obj_id: 11
174:
