0:
- cam_R_m2c: [-0.98615199, -0.16569400, 0.00705253, -0.14856000, 0.86367899, -0.48165101, 0.07371530, -0.47602901, -0.87633502]
  cam_t_m2c: [70.60618583, -132.83708157, 1063.91617319]
  obj_bb: [318, 124, 93, 79]
  obj_id: 3
1:
- cam_R_m2c: [-0.99177200, -0.12507400, -0.02728820, -0.09760560, 0.87672198, -0.47099000, 0.08283270, -0.46445099, -0.88171703]
  cam_t_m2c: [75.17953565, -128.74145120, 1008.15513466]
  obj_bb: [320, 120, 98, 84]
  obj_id: 3
2:
- cam_R_m2c: [-0.99079400, 0.00128824, -0.13537499, 0.06660060, 0.87522298, -0.47911301, 0.11786600, -0.48371801, -0.86725098]
  cam_t_m2c: [68.87063266, -102.74362369, 911.56280117]
  obj_bb: [314, 123, 107, 93]
  obj_id: 3
3:
- cam_R_m2c: [-0.99714798, -0.06886940, -0.03085630, -0.04642070, 0.88212401, -0.46872300, 0.05949980, -0.46595401, -0.88280600]
  cam_t_m2c: [32.69443174, -92.44679662, 816.99895088]
  obj_bb: [288, 117, 121, 104]
  obj_id: 3
4:
- cam_R_m2c: [-0.98868603, -0.14433500, 0.04084080, -0.14574000, 0.85985601, -0.48929399, 0.03550510, -0.48971000, -0.87116200]
  cam_t_m2c: [-13.67499325, -66.43934699, 722.92521991]
  obj_bb: [246, 122, 138, 117]
  obj_id: 3
5:
- cam_R_m2c: [-0.98457700, -0.17226499, 0.03053910, -0.16504300, 0.85665101, -0.48878300, 0.05803870, -0.48628500, -0.87187099]
  cam_t_m2c: [-4.55844752, -66.99760442, 699.34290599]
  obj_bb: [251, 117, 142, 121]
  obj_id: 3
6:
- cam_R_m2c: [-0.92212600, -0.38547000, -0.03311910, -0.33567300, 0.83968103, -0.42692000, 0.19237401, -0.38255700, -0.90368301]
  cam_t_m2c: [64.54348064, -12.82836345, 1060.20954662]
  obj_bb: [315, 187, 92, 84]
  obj_id: 3
7:
- cam_R_m2c: [-0.91873097, -0.39233100, -0.04482670, -0.33630899, 0.83688802, -0.43187401, 0.20695300, -0.38170099, -0.90081900]
  cam_t_m2c: [66.18080029, -9.67156678, 1014.10948797]
  obj_bb: [315, 187, 97, 87]
  obj_id: 3
8:
- cam_R_m2c: [-0.90803498, -0.41848201, -0.01856470, -0.37295699, 0.82784301, -0.41902199, 0.19072200, -0.37356299, -0.90778601]
  cam_t_m2c: [63.67394797, -15.41046343, 919.90242543]
  obj_bb: [313, 177, 107, 97]
  obj_id: 3
9:
- cam_R_m2c: [-0.81658298, -0.56995201, 0.09136040, -0.57314003, 0.78177899, -0.24562600, 0.06857150, -0.25293699, -0.96504998]
  cam_t_m2c: [40.14391468, -155.20784949, 806.10119498]
  obj_bb: [296, 66, 122, 114]
  obj_id: 3
10:
- cam_R_m2c: [-0.78390902, -0.59712797, 0.17007300, -0.61973900, 0.73597801, -0.27250499, 0.03755060, -0.31902000, -0.94700402]
  cam_t_m2c: [-8.20027137, -146.00907571, 733.14811718]
  obj_bb: [255, 56, 134, 125]
  obj_id: 3
11:
- cam_R_m2c: [-0.77692401, -0.60282099, 0.18164900, -0.62902999, 0.73100400, -0.26448900, 0.02665400, -0.31975099, -0.94712698]
  cam_t_m2c: [-12.47123155, -152.67827293, 703.37866953]
  obj_bb: [249, 42, 139, 131]
  obj_id: 3
12:
- cam_R_m2c: [-0.89508301, 0.44042200, -0.06968260, 0.43427700, 0.82559001, -0.36028501, -0.10114800, -0.35274699, -0.93023598]
  cam_t_m2c: [20.27121016, -11.76211983, 1040.81199195]
  obj_bb: [289, 187, 94, 87]
  obj_id: 3
13:
- cam_R_m2c: [-0.88879400, 0.45103300, -0.08133080, 0.44779199, 0.81682199, -0.36370799, -0.09761150, -0.35968101, -0.92795599]
  cam_t_m2c: [15.42446537, -14.15876273, 1017.43168814]
  obj_bb: [285, 184, 96, 89]
  obj_id: 3
14:
- cam_R_m2c: [-0.87801999, 0.46967900, -0.09209750, 0.47014800, 0.81030601, -0.34980601, -0.08966950, -0.35043699, -0.93228400]
  cam_t_m2c: [30.74525350, -30.76478169, 916.00869189]
  obj_bb: [291, 167, 106, 99]
  obj_id: 3
15:
- cam_R_m2c: [-0.88265997, 0.46692199, -0.05381100, 0.45247799, 0.81316298, -0.36610001, -0.12718301, -0.34749001, -0.92901802]
  cam_t_m2c: [16.21887422, -34.82349396, 858.55666957]
  obj_bb: [279, 160, 114, 105]
  obj_id: 3
16:
- cam_R_m2c: [-0.88642198, 0.45665199, -0.07565950, 0.45352000, 0.82412302, -0.33932501, -0.09260070, -0.33509800, -0.93762201]
  cam_t_m2c: [32.85759787, -59.77575811, 811.66825411]
  obj_bb: [288, 137, 121, 111]
  obj_id: 3
17:
- cam_R_m2c: [-0.89100099, 0.44922301, -0.06569850, 0.44308999, 0.82889998, -0.34146100, -0.09893440, -0.33335200, -0.93759698]
  cam_t_m2c: [29.64872386, -67.98661548, 787.24920939]
  obj_bb: [284, 128, 125, 114]
  obj_id: 3
18:
- cam_R_m2c: [-0.90768403, 0.41841400, -0.03225850, 0.39066899, 0.81441402, -0.42907700, -0.15325999, -0.40206799, -0.90269202]
  cam_t_m2c: [26.57832540, -31.25644838, 716.52284204]
  obj_bb: [278, 147, 138, 123]
  obj_id: 3
19:
- cam_R_m2c: [-0.83992302, -0.54111701, -0.04149800, -0.42580900, 0.70448399, -0.56779301, 0.33647701, -0.45923200, -0.82212502]
  cam_t_m2c: [-45.21492240, -37.18383080, 1068.92688016]
  obj_bb: [255, 177, 91, 77]
  obj_id: 3
20:
- cam_R_m2c: [-0.84680498, -0.52547801, -0.08242400, -0.41669199, 0.75168300, -0.51121402, 0.33058900, -0.39855301, -0.85549200]
  cam_t_m2c: [-45.79494731, -92.94816694, 1018.99103018]
  obj_bb: [250, 142, 96, 82]
  obj_id: 3
21:
- cam_R_m2c: [-0.75941902, -0.65056401, -0.00708935, -0.55181497, 0.64984298, -0.52268898, 0.34465000, -0.39302799, -0.85249400]
  cam_t_m2c: [-15.21454552, -103.14639920, 917.03926037]
  obj_bb: [262, 124, 108, 91]
  obj_id: 3
22:
- cam_R_m2c: [-0.74209100, -0.67029399, -0.00259405, -0.57235098, 0.63566101, -0.51802403, 0.34887800, -0.38293600, -0.85536200]
  cam_t_m2c: [-15.85430980, -114.00531545, 897.26954247]
  obj_bb: [261, 115, 109, 92]
  obj_id: 3
23:
- cam_R_m2c: [-0.86148101, -0.50180298, -0.07774870, -0.36038801, 0.71206498, -0.60256398, 0.35773101, -0.49107799, -0.79427397]
  cam_t_m2c: [-119.32840119, -28.24856546, 811.74955667]
  obj_bb: [177, 163, 121, 101]
  obj_id: 3
24:
- cam_R_m2c: [-0.84327298, -0.51877397, -0.14058700, -0.34272701, 0.72048199, -0.60286301, 0.41404000, -0.46019500, -0.78536099]
  cam_t_m2c: [-82.20185522, -32.93970511, 745.38192357]
  obj_bb: [192, 153, 131, 109]
  obj_id: 3
25:
- cam_R_m2c: [-0.85674399, -0.51053202, -0.07312670, -0.37327600, 0.71165597, -0.59515601, 0.35588700, -0.48260000, -0.80027598]
  cam_t_m2c: [11.51594341, 3.13723338, 1066.58263963]
  obj_bb: [285, 198, 92, 78]
  obj_id: 3
26:
- cam_R_m2c: [-0.86678803, -0.49578401, -0.05363900, -0.38452101, 0.73297602, -0.56115001, 0.31752500, -0.46577299, -0.82597399]
  cam_t_m2c: [-5.11594046, -24.78282411, 1020.73403659]
  obj_bb: [274, 180, 96, 82]
  obj_id: 3
27:
- cam_R_m2c: [-0.81257701, -0.58212501, -0.02912650, -0.46943200, 0.68325400, -0.55928302, 0.34547400, -0.44078800, -0.82846498]
  cam_t_m2c: [18.26244524, -28.45408262, 920.96601721]
  obj_bb: [284, 171, 106, 91]
  obj_id: 3
28:
- cam_R_m2c: [-0.76962298, -0.63849801, -0.00034039, -0.54627198, 0.65873301, -0.51735598, 0.33055499, -0.39798400, -0.85576999]
  cam_t_m2c: [13.33066078, -45.43328165, 819.91316174]
  obj_bb: [275, 150, 121, 104]
  obj_id: 3
29:
- cam_R_m2c: [-0.79158002, -0.60509300, -0.08522580, -0.52225000, 0.74232900, -0.41976500, 0.31726301, -0.28776899, -0.90362298]
  cam_t_m2c: [24.33275728, -102.56984760, 710.55121724]
  obj_bb: [275, 88, 140, 122]
  obj_id: 3
30:
- cam_R_m2c: [-0.90786499, -0.40761399, -0.09814280, -0.36326200, 0.88162500, -0.30129299, 0.20933600, -0.23788200, -0.94846803]
  cam_t_m2c: [61.28204727, -34.19106893, 1062.74841569]
  obj_bb: [312, 175, 93, 87]
  obj_id: 3
31:
- cam_R_m2c: [-0.90597397, -0.40657601, -0.11792700, -0.35628599, 0.88275099, -0.30628699, 0.22862899, -0.23547301, -0.94460702]
  cam_t_m2c: [65.87419262, -37.56591270, 1014.04365525]
  obj_bb: [314, 170, 97, 91]
  obj_id: 3
32:
- cam_R_m2c: [-0.88929701, -0.42820799, -0.16058700, -0.36170301, 0.87343800, -0.32600200, 0.27985999, -0.23182800, -0.93163002]
  cam_t_m2c: [85.55413260, -32.89665163, 912.97770141]
  obj_bb: [324, 165, 109, 101]
  obj_id: 3
33:
- cam_R_m2c: [-0.79552501, -0.60376501, -0.05106520, -0.56972802, 0.77403599, -0.27618599, 0.20627800, -0.19061901, -0.95974702]
  cam_t_m2c: [65.27861418, -71.79640296, 812.49953763]
  obj_bb: [312, 128, 122, 113]
  obj_id: 3
34:
- cam_R_m2c: [-0.69964701, -0.71423101, -0.01916380, -0.69297898, 0.68487197, -0.22523500, 0.17399400, -0.14430501, -0.97411603]
  cam_t_m2c: [54.74249277, -98.50653238, 707.26272701]
  obj_bb: [302, 88, 141, 133]
  obj_id: 3
35:
- cam_R_m2c: [-0.99050403, -0.00642895, -0.13733600, 0.03730370, 0.94886702, -0.31346300, 0.13232900, -0.31560999, -0.93961698]
  cam_t_m2c: [135.43418889, -40.68951608, 1055.13913265]
  obj_bb: [352, 171, 94, 87]
  obj_id: 3
36:
- cam_R_m2c: [-0.99354303, 0.00790302, -0.11317800, 0.04479790, 0.94383800, -0.32735699, 0.10423400, -0.33031300, -0.93809801]
  cam_t_m2c: [110.78095193, -21.61680189, 1010.49179896]
  obj_bb: [339, 179, 98, 91]
  obj_id: 3
37:
- cam_R_m2c: [-0.99227601, 0.01046200, -0.12360600, 0.04710990, 0.95356601, -0.29747599, 0.11475400, -0.30100200, -0.94669402]
  cam_t_m2c: [97.18310877, -48.56178035, 913.61485334]
  obj_bb: [332, 155, 108, 101]
  obj_id: 3
38:
- cam_R_m2c: [-0.98174202, 0.07352330, -0.17543200, 0.11023400, 0.97152799, -0.20971900, 0.15501800, -0.22522800, -0.96189499]
  cam_t_m2c: [85.07568371, -87.77199217, 810.45650602]
  obj_bb: [324, 116, 122, 116]
  obj_id: 3
39:
- cam_R_m2c: [-0.98481500, 0.03268490, -0.17050400, 0.05117590, 0.99313301, -0.10520800, 0.16589500, -0.11233600, -0.97972399]
  cam_t_m2c: [55.80294905, -132.97115391, 674.11855632]
  obj_bb: [298, 49, 148, 144]
  obj_id: 3
40:
- cam_R_m2c: [-0.90564698, 0.40306401, -0.13168800, 0.41900700, 0.80299699, -0.42382601, -0.06508380, -0.43901500, -0.89611900]
  cam_t_m2c: [180.10979481, -34.85263545, 1049.74881118]
  obj_bb: [378, 175, 94, 84]
  obj_id: 3
41:
- cam_R_m2c: [-0.89883697, 0.42115301, -0.12133700, 0.43338001, 0.81274599, -0.38939101, -0.06537690, -0.40258399, -0.91304499]
  cam_t_m2c: [165.04083446, -63.22149658, 1002.17704452]
  obj_bb: [372, 155, 98, 89]
  obj_id: 3
42:
- cam_R_m2c: [-0.91129601, 0.39538699, -0.11492800, 0.40946299, 0.84082597, -0.35404900, -0.04335220, -0.36970299, -0.92813802]
  cam_t_m2c: [131.86173415, -73.66195210, 909.48006559]
  obj_bb: [355, 140, 109, 98]
  obj_id: 3
43:
- cam_R_m2c: [-0.99748302, -0.01414370, -0.06947760, -0.00778301, 0.99582201, -0.09098100, 0.07047410, -0.09021130, -0.99342602]
  cam_t_m2c: [30.80563227, -109.60784885, 1050.79992894]
  obj_bb: [295, 133, 93, 92]
  obj_id: 3
44:
- cam_R_m2c: [-0.99911201, -0.00161808, -0.04210540, 0.00078578, 0.99837297, -0.05701250, 0.04212910, -0.05699500, -0.99748498]
  cam_t_m2c: [2.75898872, -137.96558010, 1007.47000913]
  obj_bb: [277, 112, 98, 96]
  obj_id: 3
45:
- cam_R_m2c: [-0.99717700, -0.04535720, -0.05983850, -0.03918370, 0.99415600, -0.10058700, 0.06405120, -0.09795880, -0.99312699]
  cam_t_m2c: [7.29276758, -110.10865297, 901.92950018]
  obj_bb: [274, 114, 110, 107]
  obj_id: 3
46:
- cam_R_m2c: [-0.73212999, -0.67719001, -0.07348370, -0.41304901, 0.52714503, -0.74263602, 0.54164201, -0.51335299, -0.66565102]
  cam_t_m2c: [93.13597390, -2.93015936, 1075.01280805]
  obj_bb: [330, 199, 91, 70]
  obj_id: 3
47:
- cam_R_m2c: [-0.72940201, -0.67973202, -0.07705040, -0.42438000, 0.53795201, -0.72836101, 0.53653997, -0.49856901, -0.68084800]
  cam_t_m2c: [91.82785709, -15.36885496, 1024.22024966]
  obj_bb: [329, 190, 96, 74]
  obj_id: 3
48:
- cam_R_m2c: [-0.68712002, -0.72647399, -0.01005980, -0.52367800, 0.50481302, -0.68624002, 0.50361401, -0.46626201, -0.72730500]
  cam_t_m2c: [85.23680644, -53.98819856, 941.25314540]
  obj_bb: [327, 161, 104, 82]
  obj_id: 3
49:
- cam_R_m2c: [-0.65129900, -0.75786400, 0.03809750, -0.57626998, 0.46132699, -0.67460400, 0.49368301, -0.46132299, -0.73719603]
  cam_t_m2c: [78.19111296, -64.07733280, 917.85680938]
  obj_bb: [323, 153, 107, 84]
  obj_id: 3
50:
- cam_R_m2c: [-0.53850001, -0.82866400, 0.15275100, -0.76819402, 0.40830699, -0.49311501, 0.34625801, -0.38288501, -0.85644901]
  cam_t_m2c: [74.66560357, -187.47988516, 700.29349124]
  obj_bb: [324, 19, 137, 117]
  obj_id: 3
51:
- cam_R_m2c: [-0.54684198, -0.81688303, 0.18348099, -0.76572502, 0.39935401, -0.50416499, 0.33857000, -0.41619501, -0.84389102]
  cam_t_m2c: [49.66508747, -177.02285998, 680.27212469]
  obj_bb: [302, 22, 142, 119]
  obj_id: 3
52:
- cam_R_m2c: [-0.94743502, -0.31286100, -0.06697390, -0.17266101, 0.67618698, -0.71621197, 0.26936099, -0.66700101, -0.69466197]
  cam_t_m2c: [4.43431824, 19.33717701, 1077.82249943]
  obj_bb: [282, 210, 90, 72]
  obj_id: 3
53:
- cam_R_m2c: [-0.94034898, -0.33931401, -0.02468760, -0.22995199, 0.68739498, -0.68892002, 0.25073001, -0.64214802, -0.72441697]
  cam_t_m2c: [-1.30446776, -5.62451901, 1023.75682837]
  obj_bb: [277, 194, 95, 76]
  obj_id: 3
54:
- cam_R_m2c: [-0.90706098, -0.40732399, 0.10642700, -0.36011499, 0.61973602, -0.69731301, 0.21807601, -0.67083102, -0.70882201]
  cam_t_m2c: [-46.92353371, 16.51043179, 927.21695988]
  obj_bb: [245, 203, 105, 84]
  obj_id: 3
55:
- cam_R_m2c: [-0.94731897, -0.31940001, 0.02386900, -0.26719800, 0.74699700, -0.60877001, 0.17661101, -0.58307701, -0.79298800]
  cam_t_m2c: [-42.99378375, -55.93010017, 748.95349221]
  obj_bb: [226, 137, 132, 106]
  obj_id: 3
56:
- cam_R_m2c: [-0.96069002, -0.27400500, -0.04467530, -0.19991501, 0.79443097, -0.57350999, 0.19263600, -0.54203397, -0.81797999]
  cam_t_m2c: [-45.56774351, -66.00639809, 721.59702964]
  obj_bb: [219, 124, 137, 112]
  obj_id: 3
57:
- cam_R_m2c: [-0.82177401, -0.55741501, 0.11822400, -0.52798200, 0.66684598, -0.52588099, 0.21429700, -0.49457499, -0.84230202]
  cam_t_m2c: [-28.46168967, -12.83027284, 1040.77332142]
  obj_bb: [264, 187, 94, 82]
  obj_id: 3
58:
- cam_R_m2c: [-0.79633403, -0.59013301, 0.13264900, -0.56724501, 0.65250599, -0.50246400, 0.20996600, -0.47537300, -0.85436201]
  cam_t_m2c: [-12.85610162, -13.96585712, 1017.21713097]
  obj_bb: [272, 185, 96, 85]
  obj_id: 3
59:
- cam_R_m2c: [-0.81185699, -0.57555503, 0.09810310, -0.54595900, 0.68881702, -0.47692701, 0.20692299, -0.44075701, -0.87345099]
  cam_t_m2c: [-6.51149440, -18.59036390, 920.08603267]
  obj_bb: [270, 176, 106, 95]
  obj_id: 3
60:
- cam_R_m2c: [-0.99871999, -0.01230380, -0.04906130, 0.02764160, 0.67954898, -0.73310900, 0.04235950, -0.73352700, -0.67833900]
  cam_t_m2c: [9.59026565, 57.22579313, 1072.07047223]
  obj_bb: [284, 230, 91, 73]
  obj_id: 3
61:
- cam_R_m2c: [-0.99759197, -0.03712690, -0.05857960, 0.01726400, 0.68512303, -0.72822303, 0.06717090, -0.72747999, -0.68283200]
  cam_t_m2c: [43.05170010, 66.04884946, 1032.90326383]
  obj_bb: [302, 234, 94, 76]
  obj_id: 3
62:
- cam_R_m2c: [-0.99648702, -0.05121510, -0.06626850, 0.01364870, 0.68136102, -0.73182100, 0.08263300, -0.73015398, -0.67826802]
  cam_t_m2c: [58.37996614, 69.29924799, 1017.31971107]
  obj_bb: [310, 236, 96, 77]
  obj_id: 3
63:
- cam_R_m2c: [-0.99596697, -0.05475360, -0.07108130, 0.01421810, 0.68589503, -0.72756100, 0.08859100, -0.72563702, -0.68234998]
  cam_t_m2c: [64.81798523, 67.74500303, 1006.75103088]
  obj_bb: [313, 235, 97, 78]
  obj_id: 3
64:
- cam_R_m2c: [-0.98973101, -0.06853020, -0.12544399, 0.04599760, 0.67821503, -0.73342198, 0.13534001, -0.73166102, -0.66809899]
  cam_t_m2c: [88.81612727, 68.26903435, 920.92362415]
  obj_bb: [327, 235, 106, 85]
  obj_id: 3
65:
- cam_R_m2c: [-0.99486500, -0.09882020, -0.02187270, -0.06292560, 0.77317703, -0.63106102, 0.07927300, -0.62644398, -0.77542502]
  cam_t_m2c: [40.63590707, -29.95054722, 828.22527360]
  obj_bb: [294, 165, 119, 97]
  obj_id: 3
66:
- cam_R_m2c: [-0.92920601, -0.36104199, 0.07889720, -0.34086201, 0.75479800, -0.56044000, 0.14279100, -0.54765701, -0.82442898]
  cam_t_m2c: [81.99506718, -73.43446466, 719.73326913]
  obj_bb: [327, 117, 136, 113]
  obj_id: 3
67:
- cam_R_m2c: [-0.66976601, -0.69752800, 0.25469199, -0.73774898, 0.58602202, -0.33511999, 0.08450100, -0.41235101, -0.90709800]
  cam_t_m2c: [90.42841049, -78.72441693, 753.14589996]
  obj_bb: [340, 114, 124, 120]
  obj_id: 3
68:
- cam_R_m2c: [-0.95830399, -0.27830699, -0.06480060, -0.21851300, 0.85985100, -0.46141899, 0.18413500, -0.42802000, -0.88481301]
  cam_t_m2c: [63.93747662, -76.75276738, 1066.53209929]
  obj_bb: [314, 154, 92, 81]
  obj_id: 3
69:
- cam_R_m2c: [-0.94436002, -0.31165400, -0.10514800, -0.23588200, 0.86450601, -0.44383499, 0.22922400, -0.39433700, -0.88991803]
  cam_t_m2c: [108.38799267, -74.66714051, 1012.94937004]
  obj_bb: [338, 150, 98, 86]
  obj_id: 3
70:
- cam_R_m2c: [-0.87655801, -0.48108199, 0.01440240, -0.42978099, 0.76891398, -0.47334999, 0.21664600, -0.42110801, -0.88075697]
  cam_t_m2c: [97.43630410, -22.73195200, 914.53645432]
  obj_bb: [335, 173, 108, 95]
  obj_id: 3
71:
- cam_R_m2c: [-0.50638503, -0.86042398, 0.05696490, -0.68949699, 0.36434600, -0.62597603, 0.51784998, -0.35626200, -0.77775902]
  cam_t_m2c: [64.42183147, -48.21452083, 1064.81662083]
  obj_bb: [317, 172, 90, 75]
  obj_id: 3
72:
- cam_R_m2c: [-0.46080801, -0.88518697, 0.06403680, -0.71666300, 0.32857600, -0.61516798, 0.52349800, -0.32936701, -0.78579098]
  cam_t_m2c: [77.95114845, -50.87883488, 1016.71636920]
  obj_bb: [324, 167, 95, 79]
  obj_id: 3
73:
- cam_R_m2c: [-0.32633600, -0.94004703, 0.09907660, -0.77505797, 0.20610400, -0.59733200, 0.54110003, -0.27172101, -0.79585099]
  cam_t_m2c: [129.09776370, -45.60786521, 910.60364905]
  obj_bb: [358, 161, 105, 89]
  obj_id: 3
74:
- cam_R_m2c: [-0.75897598, -0.62502599, -0.18247800, -0.47624701, 0.72399998, -0.49901199, 0.44400901, -0.29183400, -0.84716499]
  cam_t_m2c: [-78.53899779, -80.06595391, 733.72479045]
  obj_bb: [193, 112, 131, 115]
  obj_id: 3
75:
- cam_R_m2c: [-0.75795501, -0.62805903, -0.17620200, -0.47357699, 0.71558100, -0.51348698, 0.44858700, -0.30575499, -0.83981198]
  cam_t_m2c: [-78.79901328, -71.27756274, 709.41247485]
  obj_bb: [188, 116, 136, 118]
  obj_id: 3
76:
- cam_R_m2c: [-0.79942900, -0.54853803, -0.24499001, -0.38803199, 0.78278899, -0.48649001, 0.45863301, -0.29385000, -0.83863503]
  cam_t_m2c: [-65.59623218, -62.36730029, 691.98363404]
  obj_bb: [196, 119, 137, 123]
  obj_id: 3
77:
- cam_R_m2c: [-0.42785099, -0.89887899, -0.09465990, -0.78335297, 0.42101800, -0.45727700, 0.45089000, -0.12149500, -0.88427198]
  cam_t_m2c: [87.07910682, 37.46635159, 1060.68411516]
  obj_bb: [326, 215, 92, 84]
  obj_id: 3
78:
- cam_R_m2c: [-0.44361600, -0.89215899, -0.08518570, -0.76362997, 0.42602900, -0.48514801, 0.46912101, -0.15016900, -0.87027299]
  cam_t_m2c: [61.72415988, 56.56523553, 1015.09387322]
  obj_bb: [312, 224, 96, 88]
  obj_id: 3
79:
- cam_R_m2c: [-0.55576098, -0.82017100, -0.13582900, -0.67821300, 0.54179102, -0.49647701, 0.48078701, -0.18380199, -0.85735703]
  cam_t_m2c: [39.09541145, 70.19734631, 916.01209462]
  obj_bb: [296, 231, 106, 98]
  obj_id: 3
80:
- cam_R_m2c: [-0.84468102, -0.44161099, -0.30247799, -0.34578401, 0.88154501, -0.32142201, 0.40859100, -0.16690700, -0.89732701]
  cam_t_m2c: [58.25426894, 5.08751337, 816.81502412]
  obj_bb: [304, 183, 118, 114]
  obj_id: 3
81:
- cam_R_m2c: [-0.88296801, -0.35247901, -0.31004101, -0.25847799, 0.91637599, -0.30568600, 0.39186200, -0.18977199, -0.90023899]
  cam_t_m2c: [55.04230462, -2.91639962, 785.83259802]
  obj_bb: [301, 175, 123, 119]
  obj_id: 3
82:
- cam_R_m2c: [-0.91401398, -0.33456701, -0.22944100, -0.27897301, 0.92897201, -0.24328201, 0.29453799, -0.15835600, -0.94242799]
  cam_t_m2c: [-15.95070688, -48.06735662, 717.76381448]
  obj_bb: [241, 132, 135, 131]
  obj_id: 3
83:
- cam_R_m2c: [-0.86203200, -0.50584400, -0.03198900, -0.48718399, 0.84433800, -0.22303601, 0.13983101, -0.17667900, -0.97428501]
  cam_t_m2c: [-103.32475428, -90.47857581, 1049.67924411]
  obj_bb: [220, 143, 94, 89]
  obj_id: 3
84:
- cam_R_m2c: [-0.86069602, -0.50723702, -0.04373180, -0.48174900, 0.83920002, -0.25231099, 0.16468100, -0.19609500, -0.96665800]
  cam_t_m2c: [-108.08723749, -75.04242959, 1014.60883998]
  obj_bb: [214, 149, 97, 91]
  obj_id: 3
85:
- cam_R_m2c: [-0.86053199, -0.50748801, -0.04404280, -0.47984901, 0.83660001, -0.26428199, 0.17096600, -0.20628899, -0.96343899]
  cam_t_m2c: [-113.28096831, -63.80293566, 1009.74306517]
  obj_bb: [210, 155, 97, 92]
  obj_id: 3
86:
- cam_R_m2c: [-0.73935300, -0.67305797, 0.01872140, -0.63277799, 0.68506598, -0.36094001, 0.23010799, -0.27870801, -0.93240100]
  cam_t_m2c: [-108.74039468, -55.44449987, 908.74581908]
  obj_bb: [201, 151, 109, 99]
  obj_id: 3
87:
- cam_R_m2c: [-0.72361398, -0.68955702, 0.02991600, -0.63918000, 0.65313399, -0.40603599, 0.26044500, -0.31293499, -0.91336697]
  cam_t_m2c: [-121.57006514, -33.44473418, 855.82774837]
  obj_bb: [184, 160, 116, 105]
  obj_id: 3
88:
- cam_R_m2c: [-0.79180700, -0.60732198, -0.06482620, -0.53832799, 0.74408603, -0.39565000, 0.28852299, -0.27838099, -0.91611099]
  cam_t_m2c: [-119.04375398, -29.69311247, 791.48010675]
  obj_bb: [173, 156, 124, 114]
  obj_id: 3
89:
- cam_R_m2c: [-0.80312002, -0.57741803, -0.14692500, -0.49442700, 0.78347498, -0.37644401, 0.33247700, -0.22968601, -0.91471499]
  cam_t_m2c: [-96.21498448, -19.36255959, 786.34633821]
  obj_bb: [189, 163, 123, 116]
  obj_id: 3
90:
- cam_R_m2c: [-0.89118701, -0.30287901, -0.33771300, -0.13600799, 0.88860703, -0.43804100, 0.43276700, -0.34444499, -0.83310902]
  cam_t_m2c: [-0.41789423, 43.99130092, 935.33500220]
  obj_bb: [270, 215, 100, 97]
  obj_id: 3
91:
- cam_R_m2c: [-0.50233698, -0.85980898, -0.09157810, -0.56216902, 0.40522999, -0.72093999, 0.65698099, -0.31067199, -0.68691999]
  cam_t_m2c: [47.16916727, 42.30173277, 1067.25488378]
  obj_bb: [305, 222, 91, 73]
  obj_id: 3
92:
- cam_R_m2c: [-0.44790199, -0.88866401, -0.09828650, -0.56815499, 0.36778000, -0.73616499, 0.69035101, -0.27388799, -0.66962802]
  cam_t_m2c: [88.73758331, 59.88686737, 1005.63542454]
  obj_bb: [327, 231, 97, 78]
  obj_id: 3
93:
- cam_R_m2c: [-0.36830199, -0.92932099, -0.02677040, -0.67660600, 0.28767300, -0.67782599, 0.63761902, -0.23153099, -0.73473501]
  cam_t_m2c: [96.86416461, -12.08809558, 922.62454615]
  obj_bb: [334, 184, 106, 86]
  obj_id: 3
94:
- cam_R_m2c: [-0.38241401, -0.91389400, -0.13622700, -0.69623500, 0.38193199, -0.60777003, 0.60746700, -0.13757400, -0.78234100]
  cam_t_m2c: [119.53741677, -80.47041362, 796.51681537]
  obj_bb: [350, 125, 124, 100]
  obj_id: 3
95:
- cam_R_m2c: [-0.59698403, -0.76079500, -0.25456101, -0.56118500, 0.62277102, -0.54518598, 0.57330799, -0.18261100, -0.79873103]
  cam_t_m2c: [-32.49752744, -79.84444155, 710.19327570]
  obj_bb: [227, 110, 133, 116]
  obj_id: 3
96:
- cam_R_m2c: [-0.64927900, -0.72787398, -0.22053400, -0.52213699, 0.63743299, -0.56661499, 0.55299997, -0.25274199, -0.79392201]
  cam_t_m2c: [-48.54827651, -47.72959719, 831.59037366]
  obj_bb: [230, 151, 115, 99]
  obj_id: 3
97:
- cam_R_m2c: [-0.59223998, -0.79641098, -0.12239800, -0.59046400, 0.53232002, -0.60662001, 0.54827398, -0.28699300, -0.78551298]
  cam_t_m2c: [-9.36597110, 6.49012276, 1072.57686787]
  obj_bb: [274, 200, 90, 78]
  obj_id: 3
98:
- cam_R_m2c: [-0.60264897, -0.78913403, -0.11866400, -0.57397503, 0.53195101, -0.62256002, 0.55440700, -0.30707499, -0.77352297]
  cam_t_m2c: [-22.17344143, 29.97829203, 1018.61784168]
  obj_bb: [264, 212, 95, 81]
  obj_id: 3
99:
- cam_R_m2c: [-0.81542802, -0.56022000, -0.14570899, -0.27972600, 0.60173398, -0.74811000, 0.50678402, -0.56927103, -0.64737898]
  cam_t_m2c: [3.98218334, 129.09405346, 1061.60699015]
  obj_bb: [280, 268, 91, 75]
  obj_id: 3
100:
- cam_R_m2c: [-0.64629000, -0.75541502, -0.10796600, -0.59123898, 0.58515298, -0.55500698, 0.48243701, -0.29486200, -0.82481003]
  cam_t_m2c: [12.84647682, -18.99552182, 1031.54053957]
  obj_bb: [284, 184, 95, 82]
  obj_id: 3
101:
- cam_R_m2c: [-0.85729599, -0.37186801, -0.35603201, -0.22543600, 0.89289099, -0.38977501, 0.46284199, -0.25388899, -0.84930402]
  cam_t_m2c: [-6.23795623, -52.74455740, 718.40786322]
  obj_bb: [249, 129, 130, 125]
  obj_id: 3
102:
- cam_R_m2c: [-0.84187198, 0.53966600, 0.00337021, 0.39683801, 0.62327099, -0.67383498, -0.36574599, -0.56594503, -0.73887402]
  cam_t_m2c: [-30.84257861, -27.82918983, 1069.05707765]
  obj_bb: [263, 184, 91, 73]
  obj_id: 3
103:
- cam_R_m2c: [-0.86508000, 0.50074899, -0.02977000, 0.39286301, 0.63940698, -0.66092098, -0.31191999, -0.58344501, -0.74986500]
  cam_t_m2c: [25.02190146, -28.87281165, 1027.49067419]
  obj_bb: [292, 181, 94, 77]
  obj_id: 3
104:
- cam_R_m2c: [-0.84551102, 0.53333402, -0.02581470, 0.42659700, 0.64564002, -0.63337499, -0.32113400, -0.54653800, -0.77341402]
  cam_t_m2c: [0.81268973, -47.82069341, 984.17483931]
  obj_bb: [276, 167, 99, 80]
  obj_id: 3
105:
- cam_R_m2c: [-0.90621299, 0.41477701, 0.08208850, 0.26987800, 0.71686399, -0.64286298, -0.32549101, -0.56041700, -0.76156998]
  cam_t_m2c: [20.55266413, -19.13405021, 922.05984128]
  obj_bb: [287, 180, 106, 86]
  obj_id: 3
106:
- cam_R_m2c: [-0.97376502, 0.11405500, 0.19690999, -0.01923180, 0.82097900, -0.57063502, -0.22674200, -0.55945098, -0.79724699]
  cam_t_m2c: [76.80711542, -9.12425251, 807.97734077]
  obj_bb: [326, 176, 118, 103]
  obj_id: 3
107:
- cam_R_m2c: [-0.98269397, -0.03169960, 0.18250300, -0.11832400, 0.86546499, -0.48679599, -0.14251900, -0.49996600, -0.85423797]
  cam_t_m2c: [78.99161411, -52.53998344, 729.38119288]
  obj_bb: [327, 133, 132, 118]
  obj_id: 3
108:
- cam_R_m2c: [-0.98081499, -0.04980080, 0.18847001, -0.13364300, 0.87563598, -0.46411300, -0.14191800, -0.48039699, -0.86549300]
  cam_t_m2c: [73.44218047, -57.73729834, 705.91441523]
  obj_bb: [323, 125, 136, 122]
  obj_id: 3
109:
- cam_R_m2c: [-0.98972398, 0.14290600, -0.00484590, 0.12061000, 0.81614798, -0.56511497, -0.07680320, -0.55989301, -0.82499802]
  cam_t_m2c: [64.37110066, 17.83476851, 1064.63571914]
  obj_bb: [315, 206, 92, 79]
  obj_id: 3
110:
- cam_R_m2c: [-0.99501097, 0.09289390, -0.03638770, 0.09703900, 0.81644100, -0.56921601, -0.02316830, -0.56990701, -0.82138199]
  cam_t_m2c: [104.55109336, 30.93109833, 1015.56692041]
  obj_bb: [337, 211, 97, 84]
  obj_id: 3
111:
- cam_R_m2c: [-0.98522502, -0.13523400, 0.10508800, -0.17009600, 0.84422898, -0.50827700, -0.01998220, -0.51864201, -0.85475802]
  cam_t_m2c: [97.55791826, -11.66519960, 916.94872069]
  obj_bb: [337, 181, 106, 94]
  obj_id: 3
112:
- cam_R_m2c: [-0.97259098, 0.23242900, -0.00657095, 0.23202300, 0.96826702, -0.09287080, -0.01522340, -0.09184990, -0.99565601]
  cam_t_m2c: [18.95830860, -84.99406444, 1053.56908217]
  obj_bb: [290, 147, 92, 92]
  obj_id: 3
113:
- cam_R_m2c: [-0.96845597, 0.24749500, -0.02896640, 0.24917600, 0.96281201, -0.10442000, 0.00204585, -0.10834400, -0.99411100]
  cam_t_m2c: [37.18745799, -64.08994215, 1009.23746681]
  obj_bb: [298, 155, 97, 96]
  obj_id: 3
114:
- cam_R_m2c: [-0.99712503, 0.07058030, 0.02757510, 0.06506740, 0.98401302, -0.16578700, -0.03883550, -0.16351600, -0.98577601]
  cam_t_m2c: [28.01319393, -55.19506869, 906.71916472]
  obj_bb: [290, 150, 108, 106]
  obj_id: 3
115:
- cam_R_m2c: [-0.99622297, 0.04452300, -0.07454530, 0.06642510, 0.94369799, -0.32407099, 0.05591960, -0.32779899, -0.94309098]
  cam_t_m2c: [61.46851678, -50.29034389, 710.83517343]
  obj_bb: [305, 129, 141, 129]
  obj_id: 3
116:
- cam_R_m2c: [-0.99569702, -0.00023179, -0.09266910, 0.03509890, 0.92455101, -0.37943801, 0.08576530, -0.38105801, -0.92056501]
  cam_t_m2c: [41.38423157, -60.48284528, 697.74858034]
  obj_bb: [288, 119, 142, 129]
  obj_id: 3
117:
- cam_R_m2c: [-0.95017302, 0.30008599, 0.08438300, 0.27575499, 0.93538499, -0.22138999, -0.14536700, -0.18708999, -0.97152799]
  cam_t_m2c: [-16.40929833, -20.47213814, 1066.47937813]
  obj_bb: [272, 183, 91, 89]
  obj_id: 3
118:
- cam_R_m2c: [-0.95437098, 0.29743400, 0.02662950, 0.28320101, 0.92976201, -0.23524401, -0.09472870, -0.21696800, -0.97157198]
  cam_t_m2c: [30.31409716, -15.72518863, 980.27620012]
  obj_bb: [294, 181, 100, 96]
  obj_id: 3
119:
- cam_R_m2c: [-0.95371002, 0.29899701, -0.03221810, 0.29704601, 0.91989797, -0.25602800, -0.04691440, -0.25374699, -0.96613199]
  cam_t_m2c: [41.59862078, -40.24885584, 802.29970650]
  obj_bb: [294, 149, 123, 117]
  obj_id: 3
120:
- cam_R_m2c: [-0.98897099, 0.12640999, 0.07718560, 0.10373700, 0.96313798, -0.24819900, -0.10571500, -0.23745500, -0.96562898]
  cam_t_m2c: [11.91149954, -90.69546895, 688.20172113]
  obj_bb: [265, 91, 144, 135]
  obj_id: 3
121:
- cam_R_m2c: [-0.77659500, 0.62368101, 0.08901050, 0.52749401, 0.72096199, -0.44940400, -0.34445801, -0.30205199, -0.88888299]
  cam_t_m2c: [-5.78533238, -31.06826735, 1068.13906399]
  obj_bb: [278, 178, 91, 82]
  obj_id: 3
122:
- cam_R_m2c: [-0.78489101, 0.61887503, 0.03064950, 0.53774101, 0.70490003, -0.46254900, -0.30786499, -0.34656900, -0.88606399]
  cam_t_m2c: [50.80899933, -22.58956536, 1018.98279351]
  obj_bb: [308, 180, 95, 86]
  obj_id: 3
123:
- cam_R_m2c: [-0.77250999, 0.63485301, -0.01378570, 0.57717401, 0.69294101, -0.43209100, -0.26476201, -0.34175101, -0.90172398]
  cam_t_m2c: [77.97512070, -56.07253152, 919.61163790]
  obj_bb: [322, 152, 107, 96]
  obj_id: 3
124:
- cam_R_m2c: [-0.84273797, 0.53698403, 0.03797210, 0.46866900, 0.76656902, -0.43900099, -0.26484400, -0.35216600, -0.89768398]
  cam_t_m2c: [85.97449058, -44.13259583, 879.36783023]
  obj_bb: [329, 156, 110, 100]
  obj_id: 3
125:
- cam_R_m2c: [-0.91740698, 0.36226201, 0.16471200, 0.27134600, 0.87220699, -0.40697199, -0.29109401, -0.32866499, -0.89846802]
  cam_t_m2c: [68.60720576, -52.36632994, 811.02230813]
  obj_bb: [320, 143, 118, 109]
  obj_id: 3
126:
- cam_R_m2c: [-0.74497300, 0.66643000, -0.02975940, 0.61877900, 0.67366099, -0.40409699, -0.24925500, -0.31945601, -0.91423202]
  cam_t_m2c: [45.47524895, -72.23685083, 726.17862841]
  obj_bb: [294, 115, 136, 121]
  obj_id: 3
127:
- cam_R_m2c: [-0.78821403, 0.61526603, -0.01291860, 0.56731701, 0.71833199, -0.40267900, -0.23847499, -0.32472599, -0.91525000]
  cam_t_m2c: [51.25348480, -76.49431380, 691.14085913]
  obj_bb: [298, 105, 143, 128]
  obj_id: 3
128:
- cam_R_m2c: [-0.71924698, 0.69106001, 0.07155870, 0.63337100, 0.69454098, -0.34125301, -0.28552601, -0.20012100, -0.93724400]
  cam_t_m2c: [2.06084264, 52.39380638, 1045.63858961]
  obj_bb: [281, 222, 93, 89]
  obj_id: 3
129:
- cam_R_m2c: [-0.70418501, 0.70387900, 0.09315510, 0.66472399, 0.69967598, -0.26190600, -0.24952900, -0.12250800, -0.96058702]
  cam_t_m2c: [-15.77222430, 28.74910289, 1008.37825141]
  obj_bb: [269, 207, 97, 95]
  obj_id: 3
130:
- cam_R_m2c: [-0.87900901, 0.46416399, 0.10906500, 0.43020400, 0.87070000, -0.23834100, -0.20559201, -0.16258299, -0.96503800]
  cam_t_m2c: [-14.04983940, -6.98787787, 907.97720716]
  obj_bb: [264, 181, 108, 105]
  obj_id: 3
131:
- cam_R_m2c: [-0.98969901, 0.07173230, 0.12389500, 0.05330480, 0.98782998, -0.14612000, -0.13286801, -0.13801099, -0.98147798]
  cam_t_m2c: [-30.09131658, -70.02544313, 711.30861259]
  obj_bb: [232, 112, 140, 136]
  obj_id: 3
132:
- cam_R_m2c: [-0.77569002, 0.63014901, -0.03488740, 0.49801800, 0.57721299, -0.64714998, -0.38766399, -0.51936197, -0.76156402]
  cam_t_m2c: [33.13636480, 1.03854044, 1069.31482120]
  obj_bb: [298, 198, 90, 76]
  obj_id: 3
133:
- cam_R_m2c: [-0.74969500, 0.66177797, -0.00273630, 0.50653398, 0.57115602, -0.64591402, -0.42588899, -0.48562399, -0.76340503]
  cam_t_m2c: [3.06780502, 2.57798815, 1025.56864786]
  obj_bb: [280, 197, 94, 79]
  obj_id: 3
134:
- cam_R_m2c: [-0.89617503, 0.42997700, 0.10949500, 0.28775200, 0.75106502, -0.59422201, -0.33774000, -0.50101900, -0.79681301]
  cam_t_m2c: [54.03293507, -30.06167470, 908.76196573]
  obj_bb: [309, 171, 106, 90]
  obj_id: 3
135:
- cam_R_m2c: [-0.96977597, 0.06995360, 0.23375300, -0.06660430, 0.84574002, -0.52942199, -0.23472901, -0.52898997, -0.81551999]
  cam_t_m2c: [35.96154959, -22.64970255, 716.19295597]
  obj_bb: [293, 156, 133, 119]
  obj_id: 3
136:
- cam_R_m2c: [-0.89738500, 0.43479300, 0.07520020, 0.33047599, 0.77519900, -0.53837901, -0.29237899, -0.45828199, -0.83934098]
  cam_t_m2c: [72.44495284, 83.27684235, 1022.26345123]
  obj_bb: [321, 240, 95, 86]
  obj_id: 3
137:
- cam_R_m2c: [-0.90703303, 0.41777599, 0.05248710, 0.32464501, 0.77326602, -0.54466897, -0.26813599, -0.47699299, -0.83700699]
  cam_t_m2c: [97.16565728, 65.84023710, 999.12626954]
  obj_bb: [335, 230, 97, 87]
  obj_id: 3
138:
- cam_R_m2c: [-0.93949801, 0.34136200, 0.02856300, 0.27444401, 0.79997301, -0.53359503, -0.20499900, -0.49347299, -0.84525698]
  cam_t_m2c: [27.19162669, -43.61085659, 1046.37881226]
  obj_bb: [295, 171, 93, 81]
  obj_id: 3
139:
- cam_R_m2c: [-0.82137001, 0.54859698, -0.15617999, 0.50199199, 0.56523299, -0.65461099, -0.27083999, -0.61607897, -0.73965698]
  cam_t_m2c: [35.54634588, 12.20385727, 914.46114292]
  obj_bb: [293, 198, 105, 88]
  obj_id: 3
140:
- cam_R_m2c: [-0.97580200, 0.06797570, 0.20782100, -0.06696120, 0.81188297, -0.57996702, -0.20815000, -0.57984900, -0.78768498]
  cam_t_m2c: [48.72422534, -51.52395509, 825.18244548]
  obj_bb: [306, 149, 116, 99]
  obj_id: 3
141:
- cam_R_m2c: [-0.91330999, -0.19188800, 0.35922599, -0.34924299, 0.82276201, -0.44843301, -0.20950800, -0.53501600, -0.81845301]
  cam_t_m2c: [51.22396861, -69.07961892, 723.54237574]
  obj_bb: [311, 118, 126, 120]
  obj_id: 3
142:
- cam_R_m2c: [-0.90031999, 0.41628399, -0.12700900, 0.34936699, 0.51722002, -0.78129798, -0.25955001, -0.74779099, -0.61110002]
  cam_t_m2c: [65.99591342, 57.37409000, 1071.44085011]
  obj_bb: [314, 232, 91, 69]
  obj_id: 3
143:
- cam_R_m2c: [-0.89795500, 0.43270901, -0.08025340, 0.33671799, 0.55809999, -0.75838298, -0.28336900, -0.70801598, -0.64684999]
  cam_t_m2c: [20.12991522, 28.54764907, 1032.59165003]
  obj_bb: [289, 215, 93, 73]
  obj_id: 3
144:
- cam_R_m2c: [-0.92739302, 0.36814600, -0.06641040, 0.29449299, 0.60900301, -0.73647100, -0.23068500, -0.70255601, -0.67320102]
  cam_t_m2c: [35.88622180, 6.99518660, 963.47894522]
  obj_bb: [296, 200, 101, 79]
  obj_id: 3
145:
- cam_R_m2c: [-0.94126302, 0.32951200, -0.07379130, 0.27210701, 0.61076301, -0.74359000, -0.19995300, -0.71999300, -0.66455197]
  cam_t_m2c: [45.15196516, 14.29186288, 942.34916252]
  obj_bb: [301, 204, 103, 80]
  obj_id: 3
146:
- cam_R_m2c: [-0.97256303, 0.23208900, -0.01601450, 0.16684400, 0.64787197, -0.74325299, -0.16212501, -0.72553200, -0.66881901]
  cam_t_m2c: [62.76959537, 3.15093977, 931.82754476]
  obj_bb: [313, 197, 104, 80]
  obj_id: 3
147:
- cam_R_m2c: [-0.98624903, -0.06871090, 0.15030500, -0.15656801, 0.67961901, -0.71666300, -0.05290730, -0.73034102, -0.68103099]
  cam_t_m2c: [109.03443696, 23.18824326, 816.69273614]
  obj_bb: [348, 203, 118, 95]
  obj_id: 3
148:
- cam_R_m2c: [-0.99636501, 0.06309010, 0.05723910, 0.01265690, 0.77411199, -0.63292199, -0.08424060, -0.62989700, -0.77209699]
  cam_t_m2c: [53.42737434, -71.67753953, 725.87635832]
  obj_bb: [302, 122, 136, 108]
  obj_id: 3
149:
- cam_R_m2c: [-0.99636900, 0.07933440, 0.03091560, 0.04361990, 0.78742898, -0.61486000, -0.07312340, -0.61127901, -0.78803003]
  cam_t_m2c: [44.88668745, -72.71624395, 702.79638450]
  obj_bb: [294, 117, 140, 112]
  obj_id: 3
150:
- cam_R_m2c: [-0.99261898, 0.08158870, 0.08973080, 0.01585410, 0.82082403, -0.57096100, -0.12023700, -0.56532401, -0.81605798]
  cam_t_m2c: [23.43611891, -79.86648053, 754.17510939]
  obj_bb: [280, 119, 131, 107]
  obj_id: 3
151:
- cam_R_m2c: [-0.97681600, 0.20738500, -0.05311800, 0.19792800, 0.78032398, -0.59322703, -0.08157750, -0.58998698, -0.80328101]
  cam_t_m2c: [108.67308807, -40.22886297, 1031.75912877]
  obj_bb: [339, 173, 95, 80]
  obj_id: 3
152:
- cam_R_m2c: [-0.88552999, -0.36007100, 0.29357499, -0.46382201, 0.72135699, -0.51430798, -0.02658490, -0.59160203, -0.80579197]
  cam_t_m2c: [116.20461304, 26.44711399, 894.03582704]
  obj_bb: [356, 203, 102, 98]
  obj_id: 3
153:
- cam_R_m2c: [-0.98530000, -0.10154400, -0.13737801, 0.03449060, 0.66936201, -0.74213600, 0.16731501, -0.73596400, -0.65601999]
  cam_t_m2c: [176.82647270, 111.56131239, 1011.62669633]
  obj_bb: [377, 259, 97, 79]
  obj_id: 3
154:
- cam_R_m2c: [-0.94936901, 0.31252199, -0.03205780, 0.25581199, 0.70977098, -0.65634203, -0.18236800, -0.63131201, -0.75378197]
  cam_t_m2c: [-28.46623302, -0.94565678, 1073.94762775]
  obj_bb: [264, 198, 91, 74]
  obj_id: 3
155:
- cam_R_m2c: [-0.73250002, 0.67922997, 0.04570930, 0.63863599, 0.70887101, -0.29940900, -0.23577000, -0.19012500, -0.95302898]
  cam_t_m2c: [101.14117995, -105.86274125, 1051.70143156]
  obj_bb: [337, 135, 92, 87]
  obj_id: 3
156:
- cam_R_m2c: [-0.65032202, 0.75868702, 0.03840770, 0.70944703, 0.62463701, -0.32636401, -0.27159899, -0.18499300, -0.94446403]
  cam_t_m2c: [66.83798673, -42.57133525, 1012.86054570]
  obj_bb: [317, 167, 96, 90]
  obj_id: 3
157:
- cam_R_m2c: [-0.52285397, 0.84778702, -0.08877840, 0.80802900, 0.45975700, -0.36839199, -0.27150100, -0.26435000, -0.92542201]
  cam_t_m2c: [93.06941090, 1.80717905, 905.25576752]
  obj_bb: [330, 186, 109, 102]
  obj_id: 3
158:
- cam_R_m2c: [-0.67534101, 0.73743302, 0.01036820, 0.69001198, 0.63675100, -0.34413901, -0.26038200, -0.22525699, -0.93886101]
  cam_t_m2c: [79.23613485, -51.40213497, 814.08382463]
  obj_bb: [323, 142, 121, 112]
  obj_id: 3
159:
- cam_R_m2c: [-0.82701802, 0.55218202, 0.10553300, 0.50301200, 0.81065297, -0.29970199, -0.25104100, -0.19477500, -0.94817799]
  cam_t_m2c: [83.54058556, -92.40575571, 755.93907611]
  obj_bb: [329, 104, 128, 120]
  obj_id: 3
160:
- cam_R_m2c: [-0.84259099, 0.50875503, 0.17666300, 0.43159801, 0.83409297, -0.34352800, -0.32212499, -0.21320599, -0.92237699]
  cam_t_m2c: [46.08743823, -60.93435193, 709.83198815]
  obj_bb: [300, 121, 135, 127]
  obj_id: 3
161:
- cam_R_m2c: [-0.49892300, 0.86662799, 0.00559058, 0.78652799, 0.45549899, -0.41700700, -0.36393699, -0.20365700, -0.90888602]
  cam_t_m2c: [105.31317101, -45.80695289, 997.11831941]
  obj_bb: [339, 165, 98, 89]
  obj_id: 3
162:
- cam_R_m2c: [-0.42596200, 0.90471798, 0.00644347, 0.77127802, 0.36684000, -0.52015197, -0.47295499, -0.21659499, -0.85404903]
  cam_t_m2c: [67.05009518, -7.47283886, 1019.86441663]
  obj_bb: [316, 189, 96, 84]
  obj_id: 3
163:
- cam_R_m2c: [-0.48430201, 0.86784899, 0.11086100, 0.72202402, 0.46801600, -0.50955099, -0.49409801, -0.16673300, -0.85326898]
  cam_t_m2c: [-46.38098694, -50.23177046, 984.64014175]
  obj_bb: [250, 162, 99, 87]
  obj_id: 3
164:
- cam_R_m2c: [-0.60018402, 0.76676100, 0.22772001, 0.61915702, 0.62560397, -0.47462001, -0.50638199, -0.14386500, -0.85022300]
  cam_t_m2c: [-76.57900257, -53.02865487, 912.60719358]
  obj_bb: [226, 154, 106, 94]
  obj_id: 3
165:
- cam_R_m2c: [-0.64215398, 0.76514500, 0.04680720, 0.66046000, 0.58322501, -0.47290701, -0.38914201, -0.27276501, -0.87986797]
  cam_t_m2c: [-28.34094389, -42.33720037, 1024.14447545]
  obj_bb: [262, 169, 95, 85]
  obj_id: 3
166:
- cam_R_m2c: [-0.14346200, 0.98002398, -0.13773499, 0.93889201, 0.09077690, -0.33202699, -0.31289199, -0.17695200, -0.93316001]
  cam_t_m2c: [-11.53404918, -58.66770141, 715.57336853]
  obj_bb: [245, 123, 136, 128]
  obj_id: 3
167:
- cam_R_m2c: [-0.31394401, 0.94905698, -0.02702430, 0.87055701, 0.27638501, -0.40711400, -0.37890500, -0.15133700, -0.91297698]
  cam_t_m2c: [80.81689148, -13.01735893, 979.93799371]
  obj_bb: [324, 182, 100, 92]
  obj_id: 3
168:
- cam_R_m2c: [-0.36886701, 0.92932999, -0.01683190, 0.75384700, 0.28852299, -0.59031302, -0.54373902, -0.23043500, -0.80699903]
  cam_t_m2c: [34.12882836, 16.84343654, 1014.86370516]
  obj_bb: [297, 203, 96, 83]
  obj_id: 3
169:
- cam_R_m2c: [-0.41285700, 0.91075301, -0.00887486, 0.74450999, 0.33185199, -0.57929301, -0.52464700, -0.24577200, -0.81507099]
  cam_t_m2c: [0.74919985, -27.33086294, 1025.43324519]
  obj_bb: [278, 179, 95, 81]
  obj_id: 3
170:
- cam_R_m2c: [-0.45053399, 0.89258897, 0.01742100, 0.72241998, 0.37596700, -0.58030897, -0.52452701, -0.24886400, -0.81421000]
  cam_t_m2c: [-40.67115788, -33.30202747, 1039.40573360]
  obj_bb: [256, 177, 93, 80]
  obj_id: 3
171:
- cam_R_m2c: [-0.47800899, 0.87688702, 0.05076170, 0.71111000, 0.42027000, -0.56364501, -0.51558697, -0.23333000, -0.82445598]
  cam_t_m2c: [-51.20385183, -52.84799044, 1022.53970956]
  obj_bb: [249, 165, 95, 81]
  obj_id: 3
172:
- cam_R_m2c: [-0.66908801, 0.68593699, 0.28602600, 0.49917400, 0.69991797, -0.51082301, -0.55058801, -0.19900900, -0.81070900]
  cam_t_m2c: [-116.93738183, -75.55773592, 908.21099030]
  obj_bb: [201, 140, 106, 93]
  obj_id: 3
173:
- cam_R_m2c: [-0.77056700, 0.52357799, 0.36344600, 0.36409301, 0.82964200, -0.42323700, -0.52312797, -0.19380400, -0.82992601]
  cam_t_m2c: [-85.49985975, -93.28353378, 781.61126870]
  obj_bb: [207, 109, 121, 111]
