0:
- cam_R_m2c: [0.09630630, 0.99404401, 0.05100790, 0.57332098, -0.01350810, -0.81922001, -0.81365103, 0.10814000, -0.57120699]
  cam_t_m2c: [-105.35775150, -117.52119142, 1014.87701320]
  obj_bb: [244, 150, 44, 58]
  obj_id: 1
1:
- cam_R_m2c: [0.11330900, 0.99136102, 0.06606490, 0.58543199, -0.01289290, -0.81061900, -0.80276400, 0.13052700, -0.58183599]
  cam_t_m2c: [-123.75479622, -117.18555277, 1020.10820079]
  obj_bb: [234, 151, 44, 58]
  obj_id: 1
2:
- cam_R_m2c: [0.14123000, 0.98992503, -0.01015710, 0.58996803, -0.09239960, -0.80212200, -0.79497898, 0.10729200, -0.59707397]
  cam_t_m2c: [-115.48054259, -19.45845384, 1060.18594215]
  obj_bb: [243, 208, 41, 55]
  obj_id: 1
3:
- cam_R_m2c: [0.12290500, 0.99189001, 0.03239260, 0.58224899, -0.04563730, -0.81172901, -0.80366701, 0.11862600, -0.58313602]
  cam_t_m2c: [-109.77283244, -21.69397943, 1049.28910138]
  obj_bb: [245, 207, 42, 55]
  obj_id: 1
4:
- cam_R_m2c: [0.10897600, 0.99175203, 0.06747660, 0.66973603, -0.02309180, -0.74224001, -0.73456001, 0.12607799, -0.66672802]
  cam_t_m2c: [-103.59141046, -49.80357101, 1025.07614997]
  obj_bb: [246, 191, 43, 56]
  obj_id: 1
5:
- cam_R_m2c: [0.13388400, 0.98939198, 0.05637240, 0.71664703, -0.05737330, -0.69507200, -0.68446499, 0.13345800, -0.71672601]
  cam_t_m2c: [-128.30418943, 46.54086484, 1033.52572872]
  obj_bb: [233, 247, 43, 53]
  obj_id: 1
6:
- cam_R_m2c: [0.17219999, 0.98444700, 0.03479760, 0.72412097, -0.10255600, -0.68200499, -0.66782999, 0.14263900, -0.73051900]
  cam_t_m2c: [-139.31533237, 64.09017108, 1025.25856059]
  obj_bb: [227, 257, 42, 53]
  obj_id: 1
7:
- cam_R_m2c: [0.21356200, 0.97681302, 0.01506560, 0.72604001, -0.14837900, -0.67145300, -0.65364897, 0.15433501, -0.74089402]
  cam_t_m2c: [-148.79472314, 87.75490998, 1015.27622696]
  obj_bb: [221, 271, 43, 53]
  obj_id: 1
8:
- cam_R_m2c: [0.24592599, 0.96925801, -0.00773198, 0.73461801, -0.19158401, -0.65087098, -0.63234299, 0.15438600, -0.75914901]
  cam_t_m2c: [-131.20540470, 124.45583576, 999.28654597]
  obj_bb: [230, 293, 43, 53]
  obj_id: 1
9:
- cam_R_m2c: [0.16422901, 0.98613298, -0.02389580, 0.78948301, -0.14592600, -0.59617198, -0.59139198, 0.07904340, -0.80250102]
  cam_t_m2c: [-71.54985682, -36.76336895, 1015.58911470]
  obj_bb: [265, 200, 42, 54]
  obj_id: 1
10:
- cam_R_m2c: [0.20130900, 0.97952598, -0.00196402, 0.86531597, -0.17877600, -0.46825999, -0.45902401, 0.09256540, -0.88358903]
  cam_t_m2c: [-81.23337794, -14.28518297, 971.73850331]
  obj_bb: [257, 214, 43, 52]
  obj_id: 1
11:
- cam_R_m2c: [0.28957701, 0.95369798, -0.08127660, 0.79187399, -0.28640699, -0.53935701, -0.53766203, 0.09182430, -0.83814597]
  cam_t_m2c: [-137.69504955, 99.02994624, 1045.72653426]
  obj_bb: [232, 278, 40, 49]
  obj_id: 1
12:
- cam_R_m2c: [0.28002101, 0.95796698, -0.06235120, 0.79953200, -0.26867300, -0.53718102, -0.53135300, 0.10057000, -0.84115899]
  cam_t_m2c: [-135.19976975, 102.61951713, 1039.40436576]
  obj_bb: [233, 281, 40, 48]
  obj_id: 1
13:
- cam_R_m2c: [0.25402299, 0.96717298, 0.00700462, 0.86746299, -0.22462000, -0.44390899, -0.42776299, 0.11883900, -0.89604503]
  cam_t_m2c: [-124.93848204, 119.98928716, 1004.20374518]
  obj_bb: [235, 294, 41, 46]
  obj_id: 1
14:
- cam_R_m2c: [0.28490800, 0.95775902, 0.03905020, 0.91040802, -0.25762400, -0.32370701, -0.29997301, 0.12777901, -0.94535100]
  cam_t_m2c: [-143.37720191, 123.03884865, 989.86834617]
  obj_bb: [223, 295, 42, 46]
  obj_id: 1
15:
- cam_R_m2c: [0.28073499, 0.95872998, 0.04499570, 0.91456503, -0.25299299, -0.31553999, -0.29113400, 0.12973499, -0.94784498]
  cam_t_m2c: [-144.92688862, 124.18127630, 989.35606466]
  obj_bb: [222, 296, 42, 45]
  obj_id: 1
16:
- cam_R_m2c: [0.27783501, 0.95898998, 0.05609170, 0.91840303, -0.24804699, -0.30823600, -0.28168201, 0.13715300, -0.94965500]
  cam_t_m2c: [-150.30524219, 123.25117277, 991.31702540]
  obj_bb: [219, 295, 42, 45]
  obj_id: 1
17:
- cam_R_m2c: [0.24175100, 0.96948200, 0.04076120, 0.89123303, -0.20523401, -0.40445301, -0.38374400, 0.13410500, -0.91364998]
  cam_t_m2c: [-234.22435081, -16.16434018, 1013.86056754]
  obj_bb: [174, 215, 42, 48]
  obj_id: 1
18:
- cam_R_m2c: [-0.06093320, 0.99783099, 0.02490850, 0.94538897, 0.06570020, -0.31925401, -0.32019800, 0.00409502, -0.94734198]
  cam_t_m2c: [-223.28912067, -74.68755914, 1001.33653834]
  obj_bb: [176, 182, 45, 46]
  obj_id: 1
19:
- cam_R_m2c: [-0.45818201, 0.88884002, 0.00577884, 0.84785402, 0.43898800, -0.29737699, -0.26685801, -0.13135301, -0.95474303]
  cam_t_m2c: [-181.32966409, -118.97611579, 1006.37468578]
  obj_bb: [200, 157, 43, 42]
  obj_id: 1
20:
- cam_R_m2c: [-0.45517799, 0.89008099, 0.02385840, 0.85469103, 0.44427899, -0.26855099, -0.24963200, -0.10184700, -0.96297002]
  cam_t_m2c: [-180.78323041, -95.60577800, 999.06701276]
  obj_bb: [199, 170, 44, 41]
  obj_id: 1
21:
- cam_R_m2c: [-0.42430899, 0.90496403, 0.03165720, 0.87455398, 0.41861299, -0.24478200, -0.23477100, -0.07617700, -0.96906102]
  cam_t_m2c: [-170.79294192, -61.25643761, 990.40757654]
  obj_bb: [204, 189, 44, 41]
  obj_id: 1
22:
- cam_R_m2c: [-0.40355000, 0.91368097, 0.04830730, 0.89359897, 0.40492100, -0.19369800, -0.19653900, -0.03499950, -0.97987098]
  cam_t_m2c: [-148.04908657, -35.96320217, 977.11376021]
  obj_bb: [215, 202, 45, 41]
  obj_id: 1
23:
- cam_R_m2c: [-0.39825100, 0.91612500, 0.04594710, 0.89803702, 0.39961401, -0.18395200, -0.18688400, -0.03199680, -0.98186100]
  cam_t_m2c: [-146.92195533, -37.82402652, 974.43526575]
  obj_bb: [216, 201, 45, 41]
  obj_id: 1
24:
- cam_R_m2c: [-0.24545200, 0.96867001, 0.03782980, 0.94275898, 0.24761000, -0.22337000, -0.22573900, -0.01916220, -0.97399902]
  cam_t_m2c: [-137.84759385, -13.03145110, 1000.54167378]
  obj_bb: [224, 216, 45, 42]
  obj_id: 1
25:
- cam_R_m2c: [0.07628990, 0.99638802, 0.03729480, 0.94897902, -0.06108030, -0.30936801, -0.30597299, 0.05899370, -0.95021099]
  cam_t_m2c: [-139.83771517, -0.39669115, 1000.98931773]
  obj_bb: [224, 225, 44, 45]
  obj_id: 1
26:
- cam_R_m2c: [0.28801700, 0.93887299, 0.18858200, 0.78697902, -0.11985500, -0.60522598, -0.54562801, 0.32272500, -0.77339399]
  cam_t_m2c: [-181.37049501, -38.77477632, 1045.40063811]
  obj_bb: [205, 200, 41, 52]
  obj_id: 1
27:
- cam_R_m2c: [0.34784800, 0.91972297, 0.18196701, 0.74047500, -0.15045799, -0.65502602, -0.57506502, 0.36259100, -0.73336798]
  cam_t_m2c: [-190.31208498, -69.20154475, 1051.96262341]
  obj_bb: [202, 183, 40, 53]
  obj_id: 1
28:
- cam_R_m2c: [0.36093700, 0.92486298, 0.11980800, 0.72826397, -0.19927400, -0.65568399, -0.58254302, 0.32391199, -0.74546897]
  cam_t_m2c: [-172.76442881, -64.45993073, 1001.63773482]
  obj_bb: [206, 182, 42, 57]
  obj_id: 1
29:
- cam_R_m2c: [0.40655699, 0.89857203, 0.16516700, 0.76857501, -0.23863199, -0.59358901, -0.49396801, 0.36827099, -0.78763700]
  cam_t_m2c: [-230.30457028, -25.27949974, 986.39323208]
  obj_bb: [171, 206, 42, 55]
  obj_id: 1
30:
- cam_R_m2c: [0.43604100, 0.89013398, 0.13239899, 0.75908202, -0.28477001, -0.58540601, -0.48338699, 0.35576200, -0.79985601]
  cam_t_m2c: [-177.17037397, 18.68210759, 1032.58267669]
  obj_bb: [208, 232, 39, 52]
  obj_id: 1
31:
- cam_R_m2c: [0.44938999, 0.88416499, 0.12767801, 0.79512602, -0.33072999, -0.50832301, -0.40721399, 0.32995600, -0.85164899]
  cam_t_m2c: [-188.72509165, 11.43893817, 994.46952816]
  obj_bb: [198, 229, 40, 52]
  obj_id: 1
32:
- cam_R_m2c: [0.47995999, 0.86579698, 0.14154001, 0.80628699, -0.37175199, -0.46011099, -0.34574500, 0.33495700, -0.87650698]
  cam_t_m2c: [-210.16594574, 17.44270593, 969.06613945]
  obj_bb: [182, 233, 41, 51]
  obj_id: 1
33:
- cam_R_m2c: [0.51735198, 0.84378201, 0.14275099, 0.78230500, -0.39869100, -0.47858700, -0.34690899, 0.35927299, -0.86635798]
  cam_t_m2c: [-198.38529911, 41.73115694, 994.19661581]
  obj_bb: [192, 247, 40, 50]
  obj_id: 1
34:
- cam_R_m2c: [0.59242499, 0.79799902, 0.11058800, 0.76396102, -0.51289600, -0.39153600, -0.25572500, 0.31643999, -0.91349298]
  cam_t_m2c: [-195.40398094, 77.09915755, 996.91346128]
  obj_bb: [194, 270, 40, 45]
  obj_id: 1
35:
- cam_R_m2c: [0.59349197, 0.79926199, 0.09459680, 0.76415402, -0.52268702, -0.37797800, -0.25265801, 0.29661301, -0.92096901]
  cam_t_m2c: [-186.80126227, 72.18677213, 989.80440813]
  obj_bb: [198, 267, 40, 46]
  obj_id: 1
36:
- cam_R_m2c: [0.51044297, 0.85566598, 0.08533870, 0.66814899, -0.33218199, -0.66575700, -0.54131800, 0.39684999, -0.74127197]
  cam_t_m2c: [-198.76099086, -43.20536661, 1010.23647448]
  obj_bb: [194, 195, 40, 56]
  obj_id: 1
37:
- cam_R_m2c: [0.50438303, 0.86022002, 0.07496620, 0.64869100, -0.32018599, -0.69042099, -0.56990999, 0.39686599, -0.71951300]
  cam_t_m2c: [-197.55030915, -43.46886864, 1001.65576917]
  obj_bb: [194, 194, 40, 57]
  obj_id: 1
38:
- cam_R_m2c: [0.48447499, 0.87059402, 0.08572690, 0.61937302, -0.27215901, -0.73641402, -0.61778700, 0.40987200, -0.67107701]
  cam_t_m2c: [-178.33125739, -54.06893913, 993.49127841]
  obj_bb: [203, 187, 41, 58]
  obj_id: 1
39:
- cam_R_m2c: [0.49753100, 0.86129200, 0.10314200, 0.55713803, -0.22614799, -0.79903400, -0.66487598, 0.45500800, -0.59237403]
  cam_t_m2c: [-169.62913892, -82.70098033, 977.34483521]
  obj_bb: [206, 168, 41, 60]
  obj_id: 1
40:
- cam_R_m2c: [0.60143602, 0.78841603, 0.12912799, 0.50392401, -0.24895200, -0.82709301, -0.61994702, 0.56251401, -0.54703099]
  cam_t_m2c: [-248.90067114, -88.73141811, 1003.24629652]
  obj_bb: [164, 166, 40, 59]
  obj_id: 1
41:
- cam_R_m2c: [0.44870701, 0.88847202, 0.09632850, 0.58876097, -0.21279800, -0.77979398, -0.67232603, 0.40661299, -0.61858100]
  cam_t_m2c: [-198.96737476, -144.92760495, 1027.86230960]
  obj_bb: [195, 136, 40, 58]
  obj_id: 1
42:
- cam_R_m2c: [0.40323600, 0.90999103, 0.09652230, 0.60156602, -0.18411700, -0.77731502, -0.68957901, 0.37150601, -0.62166202]
  cam_t_m2c: [-185.15804207, -149.15602439, 1038.98033313]
  obj_bb: [204, 135, 40, 57]
  obj_id: 1
43:
- cam_R_m2c: [-0.01939490, 0.93607998, 0.35125300, 0.44685400, 0.32239401, -0.83449602, -0.89439702, 0.14077400, -0.42454401]
  cam_t_m2c: [-73.08905434, -10.81661310, 1064.86848545]
  obj_bb: [262, 214, 42, 50]
  obj_id: 1
44:
- cam_R_m2c: [0.10195100, 0.99058902, 0.09131960, 0.25315601, 0.06294060, -0.96537602, -0.96203899, 0.12153900, -0.24435700]
  cam_t_m2c: [-88.32615119, 49.14658456, 1076.72255213]
  obj_bb: [257, 244, 41, 53]
  obj_id: 1
45:
- cam_R_m2c: [0.06230580, 0.99377501, 0.09235130, 0.31640500, 0.06809070, -0.94617701, -0.94657600, 0.08817270, -0.31019300]
  cam_t_m2c: [-101.12491043, 16.10828077, 1082.72462650]
  obj_bb: [250, 227, 42, 53]
  obj_id: 1
46:
- cam_R_m2c: [-0.14675100, 0.97387999, 0.17326801, 0.31052199, 0.21166600, -0.92670000, -0.93917000, -0.08219100, -0.33347401]
  cam_t_m2c: [-99.92706851, 61.43274610, 1054.19192156]
  obj_bb: [247, 252, 44, 52]
  obj_id: 1
47:
- cam_R_m2c: [-0.00211873, 0.97951800, 0.20134500, 0.30280399, 0.19252101, -0.93340498, -0.95305097, 0.05899020, -0.29701000]
  cam_t_m2c: [-273.16451248, 87.17914200, 1044.42567299]
  obj_bb: [151, 266, 45, 54]
  obj_id: 1
48:
- cam_R_m2c: [0.49032599, 0.86468297, 0.10910200, 0.50219399, -0.17799900, -0.84623802, -0.71230698, 0.46972299, -0.52151603]
  cam_t_m2c: [-138.95913327, 92.77796487, 1046.42103613]
  obj_bb: [230, 270, 38, 56]
  obj_id: 1
49:
- cam_R_m2c: [0.53497899, 0.84442300, 0.02733340, 0.41495401, -0.23443501, -0.87912101, -0.73594201, 0.48165300, -0.47581401]
  cam_t_m2c: [-132.33750940, 59.67231554, 1019.17956780]
  obj_bb: [232, 251, 39, 58]
  obj_id: 1
50:
- cam_R_m2c: [0.56820798, 0.81892198, 0.08065980, 0.31830499, -0.12834300, -0.93926001, -0.75882900, 0.55936903, -0.33359200]
  cam_t_m2c: [-188.43475802, 94.04701691, 1056.57004244]
  obj_bb: [205, 269, 37, 56]
  obj_id: 1
51:
- cam_R_m2c: [0.58463001, 0.80729401, 0.08052860, 0.31064001, -0.13105001, -0.94145000, -0.74947399, 0.57541502, -0.32739401]
  cam_t_m2c: [-202.23828784, 88.68372020, 1051.06827734]
  obj_bb: [196, 266, 38, 56]
  obj_id: 1
52:
- cam_R_m2c: [0.44659299, 0.78397501, 0.43120399, 0.47218001, 0.20285399, -0.85784400, -0.75999999, 0.58671302, -0.27958399]
  cam_t_m2c: [-222.71117593, -15.28861202, 1014.55820617]
  obj_bb: [174, 209, 44, 55]
  obj_id: 1
53:
- cam_R_m2c: [0.40910599, 0.83696002, 0.36349899, 0.36289999, 0.21626499, -0.90638399, -0.83721900, 0.50272101, -0.21525800]
  cam_t_m2c: [-154.13826438, 5.09853571, 1060.88383112]
  obj_bb: [219, 221, 40, 53]
  obj_id: 1
54:
- cam_R_m2c: [0.42215800, 0.83777797, 0.34628099, 0.35243100, 0.20026100, -0.91416001, -0.83521003, 0.50796002, -0.21071699]
  cam_t_m2c: [-169.51872038, 1.47773073, 1064.37135128]
  obj_bb: [211, 219, 41, 53]
  obj_id: 1
55:
- cam_R_m2c: [0.21502601, 0.86663097, 0.45023799, 0.33849999, 0.36630601, -0.86673999, -0.91606897, 0.33877701, -0.21458900]
  cam_t_m2c: [-116.53667102, 15.93571994, 1065.58977664]
  obj_bb: [238, 228, 42, 49]
  obj_id: 1
56:
- cam_R_m2c: [0.19286500, 0.87269902, 0.44855300, 0.33153099, 0.37229499, -0.86688203, -0.92352098, 0.31590101, -0.21752401]
  cam_t_m2c: [-121.91580038, 12.07081139, 1059.00653955]
  obj_bb: [235, 226, 41, 49]
  obj_id: 1
57:
- cam_R_m2c: [0.06968140, 0.97393298, 0.21586700, 0.67405802, 0.11355100, -0.72989798, -0.73538399, 0.19636700, -0.64857602]
  cam_t_m2c: [-147.20989978, 41.71886626, 1010.50529500]
  obj_bb: [218, 244, 45, 54]
  obj_id: 1
58:
- cam_R_m2c: [-0.35302299, 0.92650199, 0.13026100, 0.60574901, 0.33243999, -0.72287798, -0.71305197, -0.17628700, -0.67858601]
  cam_t_m2c: [0.42187959, -17.02807101, 1069.33439124]
  obj_bb: [302, 212, 43, 48]
  obj_id: 1
59:
- cam_R_m2c: [-0.50319302, 0.85854101, 0.09850720, 0.55571502, 0.40876901, -0.72393900, -0.66179800, -0.30953899, -0.68279499]
  cam_t_m2c: [76.78452503, -53.77915773, 1066.36449232]
  obj_bb: [343, 192, 42, 47]
  obj_id: 1
60:
- cam_R_m2c: [-0.54171699, 0.83907998, 0.04987950, 0.54552400, 0.39610001, -0.73858500, -0.63948900, -0.37289301, -0.67231202]
  cam_t_m2c: [94.22217206, -61.04763043, 1051.80535995]
  obj_bb: [353, 187, 43, 49]
  obj_id: 1
61:
- cam_R_m2c: [-0.32221299, 0.94531298, 0.05060790, 0.60463101, 0.24663600, -0.75735801, -0.72842300, -0.21343200, -0.65103501]
  cam_t_m2c: [1.39689790, -88.26069365, 1070.70874846]
  obj_bb: [303, 172, 43, 52]
  obj_id: 1
62:
- cam_R_m2c: [-0.33956599, 0.93970603, 0.04058400, 0.61309999, 0.25385499, -0.74810898, -0.71330500, -0.22915000, -0.66233402]
  cam_t_m2c: [27.22501153, -92.93013384, 1018.25360956]
  obj_bb: [317, 166, 44, 54]
  obj_id: 1
63:
- cam_R_m2c: [-0.45407701, 0.76559597, 0.45571601, 0.30793399, 0.61482197, -0.72606498, -0.83605701, -0.18935899, -0.51492900]
  cam_t_m2c: [-134.89467949, -52.81936333, 1067.13231313]
  obj_bb: [226, 193, 43, 45]
  obj_id: 1
64:
- cam_R_m2c: [-0.40402099, 0.81492603, 0.41552699, 0.54808497, 0.57934397, -0.60329401, -0.73237300, -0.01599940, -0.68071598]
  cam_t_m2c: [-241.18496094, -55.39036568, 1010.72260935]
  obj_bb: [162, 191, 45, 44]
  obj_id: 1
65:
- cam_R_m2c: [-0.36612299, 0.83563203, 0.40947899, 0.61978000, 0.54720300, -0.56253099, -0.69413698, 0.04783160, -0.71825200]
  cam_t_m2c: [-255.51929536, -80.90810704, 982.45362250]
  obj_bb: [149, 174, 47, 46]
  obj_id: 1
66:
- cam_R_m2c: [-0.28493699, 0.85724902, 0.42887601, 0.68343198, 0.49541000, -0.53618097, -0.67211002, 0.14033000, -0.72703201]
  cam_t_m2c: [-278.53572882, -74.24647024, 948.53648895]
  obj_bb: [129, 176, 49, 48]
  obj_id: 1
67:
- cam_R_m2c: [-0.49692300, 0.85036600, 0.17304800, 0.63134098, 0.49107501, -0.60021102, -0.59537899, -0.18900600, -0.78089702]
  cam_t_m2c: [-90.70679085, -65.62610811, 1018.67321282]
  obj_bb: [250, 185, 43, 46]
  obj_id: 1
68:
- cam_R_m2c: [-0.61637402, 0.76859897, 0.17128600, 0.55267400, 0.57718801, -0.60117000, -0.56092298, -0.27588099, -0.78054798]
  cam_t_m2c: [-55.16161238, -45.22183506, 1013.98823079]
  obj_bb: [269, 196, 43, 45]
  obj_id: 1
69:
- cam_R_m2c: [-0.55869001, 0.81277698, 0.16510600, 0.63885498, 0.54868501, -0.53926700, -0.52889502, -0.19580400, -0.82579100]
  cam_t_m2c: [-83.18462886, -51.29274739, 999.86977384]
  obj_bb: [253, 193, 43, 44]
  obj_id: 1
70:
- cam_R_m2c: [-0.55302101, 0.81837600, 0.15629500, 0.65631002, 0.54345798, -0.52336401, -0.51324898, -0.18685301, -0.83765203]
  cam_t_m2c: [-77.87152221, -51.54070505, 1013.99189136]
  obj_bb: [257, 194, 43, 43]
  obj_id: 1
71:
- cam_R_m2c: [0.09769560, 0.97885901, 0.17969599, 0.66709501, 0.06958220, -0.74171603, -0.73853898, 0.19233701, -0.64619398]
  cam_t_m2c: [-101.53648100, -32.26396700, 1017.54694047]
  obj_bb: [245, 201, 44, 55]
  obj_id: 1
72:
- cam_R_m2c: [-0.12917900, 0.97806603, 0.16340300, 0.70544797, 0.20644900, -0.67802799, -0.69689000, 0.02768600, -0.71664399]
  cam_t_m2c: [-109.17087626, -33.03989130, 1007.88409426]
  obj_bb: [239, 201, 46, 53]
  obj_id: 1
73:
- cam_R_m2c: [0.47359401, 0.86584097, -0.16133100, 0.72276801, -0.48674801, -0.49059400, -0.50330400, 0.11573700, -0.85632402]
  cam_t_m2c: [-211.16568250, 36.72416114, 920.37797160]
  obj_bb: [176, 244, 45, 55]
  obj_id: 1
74:
- cam_R_m2c: [-0.03130440, 0.99271703, -0.11633000, 0.76376599, -0.05131730, -0.64345002, -0.64473403, -0.10899200, -0.75659698]
  cam_t_m2c: [-157.62976069, -124.81819466, 1004.87195832]
  obj_bb: [215, 147, 44, 57]
  obj_id: 1
75:
- cam_R_m2c: [-0.07825320, 0.99572402, -0.04909910, 0.54762501, 0.00177875, -0.83672202, -0.83305597, -0.09236410, -0.54542297]
  cam_t_m2c: [-134.50273850, -82.18443833, 1020.34148343]
  obj_bb: [228, 171, 44, 57]
  obj_id: 1
76:
- cam_R_m2c: [-0.08618490, 0.99413598, -0.06532000, 0.52144200, -0.01085550, -0.85321802, -0.84892303, -0.10759500, -0.51744801]
  cam_t_m2c: [-119.51161087, -96.63527748, 1014.42883634]
  obj_bb: [236, 162, 44, 58]
  obj_id: 1
77:
- cam_R_m2c: [0.07486060, 0.94635898, -0.31432599, 0.26283801, -0.32279000, -0.90924299, -0.96193200, -0.01455030, -0.27290300]
  cam_t_m2c: [-194.72816740, 82.91405826, 1062.91787810]
  obj_bb: [202, 263, 42, 55]
  obj_id: 1
78:
- cam_R_m2c: [0.00979415, 0.94845301, -0.31676701, 0.20153800, -0.31215400, -0.92840898, -0.97943199, -0.05474760, -0.19420600]
  cam_t_m2c: [-159.08647548, 61.50537737, 1025.76587934]
  obj_bb: [217, 251, 44, 57]
  obj_id: 1
79:
- cam_R_m2c: [0.23969001, 0.92265898, -0.30207500, 0.16307300, -0.34498599, -0.92433298, -0.95705599, 0.17229301, -0.23315001]
  cam_t_m2c: [-225.41772176, 90.54308567, 977.88918801]
  obj_bb: [174, 269, 46, 59]
  obj_id: 1
80:
- cam_R_m2c: [0.18978800, 0.97189802, -0.13926300, 0.27587399, -0.18891400, -0.94244599, -0.94227099, 0.14044601, -0.30397499]
  cam_t_m2c: [-179.12483425, 27.45550835, 1003.12510490]
  obj_bb: [203, 232, 44, 58]
  obj_id: 1
81:
- cam_R_m2c: [0.27584299, 0.96116799, 0.00818266, 0.58732599, -0.16180401, -0.79301202, -0.76089400, 0.22355300, -0.60915101]
  cam_t_m2c: [-228.78008812, -32.25574964, 968.76668612]
  obj_bb: [169, 198, 45, 60]
  obj_id: 1
82:
- cam_R_m2c: [0.39779499, 0.89985102, 0.17896400, 0.49016601, -0.04355200, -0.87054002, -0.77556199, 0.43401900, -0.45840099]
  cam_t_m2c: [-199.17523185, -33.57279697, 942.25691645]
  obj_bb: [181, 195, 46, 62]
  obj_id: 1
83:
- cam_R_m2c: [0.35952201, 0.89648801, 0.25894600, 0.50667799, 0.04548200, -0.86093497, -0.78359503, 0.44072700, -0.43787900]
  cam_t_m2c: [-198.41127862, -62.28837773, 931.25465864]
  obj_bb: [178, 176, 47, 63]
  obj_id: 1
84:
- cam_R_m2c: [0.29578200, 0.93105698, 0.21364900, 0.43768999, 0.06670590, -0.89664799, -0.84908199, 0.35872400, -0.38778400]
  cam_t_m2c: [-184.54156144, -119.22855490, 934.08341165]
  obj_bb: [187, 141, 48, 61]
  obj_id: 1
85:
- cam_R_m2c: [0.22162201, 0.94768298, 0.22974101, 0.35944200, 0.13961799, -0.92266399, -0.90646797, 0.28706101, -0.30969501]
  cam_t_m2c: [-159.34643705, -72.13648465, 936.76332697]
  obj_bb: [202, 170, 48, 60]
  obj_id: 1
86:
- cam_R_m2c: [0.23765001, 0.93555200, 0.26127601, 0.35485899, 0.16677000, -0.91992599, -0.90421098, 0.31133601, -0.29235601]
  cam_t_m2c: [-159.85901784, -108.75265752, 922.97128093]
  obj_bb: [200, 146, 48, 60]
  obj_id: 1
87:
- cam_R_m2c: [0.38803801, 0.88773400, 0.24769799, 0.56631202, -0.01762520, -0.82400298, -0.72713000, 0.46001801, -0.50957400]
  cam_t_m2c: [-236.85958751, -108.73713322, 868.79625739]
  obj_bb: [143, 141, 51, 67]
  obj_id: 1
88:
- cam_R_m2c: [0.43295801, 0.89575601, 0.10083500, 0.55176598, -0.17489800, -0.81545401, -0.71281201, 0.40869501, -0.56997102]
  cam_t_m2c: [-221.81719227, -32.68900734, 865.78525108]
  obj_bb: [155, 191, 49, 69]
  obj_id: 1
89:
- cam_R_m2c: [0.49415299, 0.86837101, 0.04175800, 0.59067601, -0.30011001, -0.74902302, -0.63789803, 0.39479801, -0.66122597]
  cam_t_m2c: [-227.83310697, -33.23223074, 891.11642215]
  obj_bb: [158, 194, 46, 65]
  obj_id: 1
90:
- cam_R_m2c: [0.49085501, 0.87111998, -0.01449550, 0.68021798, -0.39357600, -0.61838597, -0.54439300, 0.29367799, -0.78574097]
  cam_t_m2c: [-189.52305777, -63.23242916, 900.70401376]
  obj_bb: [185, 177, 45, 62]
  obj_id: 1
91:
- cam_R_m2c: [0.65324301, 0.75369000, -0.07228280, 0.57817501, -0.55819201, -0.59509301, -0.48886400, 0.34694800, -0.80040002]
  cam_t_m2c: [-150.85005534, 0.89845950, 905.61638939]
  obj_bb: [210, 219, 44, 59]
  obj_id: 1
92:
- cam_R_m2c: [0.70511502, 0.70424199, -0.08280380, 0.59734702, -0.65285498, -0.46578601, -0.38208500, 0.27897000, -0.88101399]
  cam_t_m2c: [-168.67833564, -57.78755149, 900.26325751]
  obj_bb: [198, 183, 44, 56]
  obj_id: 1
93:
- cam_R_m2c: [0.73630399, 0.67327797, -0.06748220, 0.57344699, -0.67382997, -0.46595100, -0.35918599, 0.30438399, -0.88223302]
  cam_t_m2c: [-143.74056837, -50.65511273, 871.25503927]
  obj_bb: [210, 186, 44, 57]
  obj_id: 1
94:
- cam_R_m2c: [0.77241200, 0.63314301, -0.05008980, 0.52608001, -0.68199199, -0.50806201, -0.35583699, 0.36608201, -0.85986298]
  cam_t_m2c: [-140.62255615, -62.95466388, 879.65709444]
  obj_bb: [213, 177, 43, 59]
  obj_id: 1
95:
- cam_R_m2c: [0.74448103, 0.66550899, -0.05333990, 0.54238099, -0.64945602, -0.53294402, -0.38932100, 0.36783600, -0.84446698]
  cam_t_m2c: [-147.90390811, -38.35705291, 913.52121113]
  obj_bb: [212, 195, 43, 57]
  obj_id: 1
96:
- cam_R_m2c: [-0.76003999, 0.63330901, 0.14580700, 0.45405999, 0.67800498, -0.57804698, -0.46494001, -0.37313300, -0.80287099]
  cam_t_m2c: [19.34730307, -93.81455751, 1001.17546465]
  obj_bb: [311, 168, 42, 46]
  obj_id: 1
97:
- cam_R_m2c: [-0.76134002, 0.63708800, 0.12033400, 0.46028301, 0.66181898, -0.59172201, -0.45661801, -0.39511400, -0.79711002]
  cam_t_m2c: [-7.36964929, -85.26412658, 1014.46209978]
  obj_bb: [297, 174, 41, 45]
  obj_id: 1
98:
- cam_R_m2c: [-0.72109902, 0.67202699, 0.16850901, 0.51511002, 0.68268102, -0.51827401, -0.46333200, -0.28692600, -0.83844900]
  cam_t_m2c: [-62.91330188, 4.51652615, 985.27425920]
  obj_bb: [264, 227, 42, 42]
  obj_id: 1
99:
- cam_R_m2c: [-0.71335900, 0.67728901, 0.17999500, 0.53444803, 0.69191200, -0.48541000, -0.45330399, -0.25007400, -0.85555798]
  cam_t_m2c: [-83.46248902, 21.41753575, 971.91797185]
  obj_bb: [251, 237, 43, 42]
  obj_id: 1
100:
- cam_R_m2c: [0.13113999, 0.98478103, 0.11405900, 0.46449801, 0.04060490, -0.88464302, -0.87581098, 0.16899200, -0.45210299]
  cam_t_m2c: [-85.82221456, 41.80579657, 904.46774562]
  obj_bb: [246, 241, 49, 64]
  obj_id: 1
101:
- cam_R_m2c: [-0.10767000, 0.98634601, 0.12461600, 0.49139401, 0.16176100, -0.85578299, -0.86425602, -0.03090700, -0.50210100]
  cam_t_m2c: [-79.59042436, 4.88491370, 927.34270352]
  obj_bb: [250, 218, 49, 61]
  obj_id: 1
102:
- cam_R_m2c: [-0.28130201, 0.95522398, 0.09173940, 0.46474400, 0.21925101, -0.85787100, -0.83957303, -0.19868501, -0.50560999]
  cam_t_m2c: [-33.55408837, -1.83248157, 913.93610555]
  obj_bb: [277, 214, 50, 61]
  obj_id: 1
103:
- cam_R_m2c: [-0.29119399, 0.95249897, 0.08917670, 0.46480000, 0.22233699, -0.85704601, -0.83616197, -0.20811699, -0.50746399]
  cam_t_m2c: [-35.02615694, -7.05624094, 915.31119500]
  obj_bb: [277, 211, 50, 60]
  obj_id: 1
104:
- cam_R_m2c: [-0.26116899, 0.95803899, 0.11811600, 0.56845599, 0.25154001, -0.78331703, -0.78015900, -0.13743500, -0.61029798]
  cam_t_m2c: [-65.38309367, 22.21710536, 892.98775134]
  obj_bb: [256, 230, 51, 61]
  obj_id: 1
105:
- cam_R_m2c: [-0.14809000, 0.98375100, 0.10150600, 0.68760002, 0.17618901, -0.70438898, -0.71082699, -0.03451740, -0.70251900]
  cam_t_m2c: [-125.24359067, 27.81392030, 849.92337253]
  obj_bb: [213, 235, 54, 63]
  obj_id: 1
106:
- cam_R_m2c: [0.02608300, 0.99622601, 0.08278350, 0.76410198, 0.03352750, -0.64422399, -0.64456803, 0.08005830, -0.76034403]
  cam_t_m2c: [-186.64208699, 61.13289155, 827.67729126]
  obj_bb: [169, 259, 55, 64]
  obj_id: 1
107:
- cam_R_m2c: [0.02587600, 0.99850702, 0.04811380, 0.85483098, 0.00285087, -0.51889902, -0.51826102, 0.05455620, -0.85347998]
  cam_t_m2c: [-85.78453738, 18.73202462, 828.50209138]
  obj_bb: [240, 232, 53, 60]
  obj_id: 1
108:
- cam_R_m2c: [0.05525390, 0.99812299, 0.02641570, 0.87227798, -0.03537940, -0.48772901, -0.48587900, 0.04999080, -0.87259501]
  cam_t_m2c: [-112.69263989, 12.61379382, 805.04024189]
  obj_bb: [219, 228, 54, 61]
  obj_id: 1
109:
- cam_R_m2c: [0.05183100, 0.99830002, 0.02665060, 0.88038301, -0.03307870, -0.47310901, -0.47142300, 0.04798450, -0.88060099]
  cam_t_m2c: [-115.85680011, 25.63508250, 798.23867181]
  obj_bb: [216, 237, 54, 61]
  obj_id: 1
110:
- cam_R_m2c: [0.07981070, 0.99075401, -0.10971600, 0.95976299, -0.10610600, -0.25999400, -0.26923200, -0.08455110, -0.95935702]
  cam_t_m2c: [-79.10024840, -52.94506646, 703.50351680]
  obj_bb: [233, 175, 61, 64]
  obj_id: 1
111:
- cam_R_m2c: [0.09481520, 0.99531502, -0.01892510, 0.93817502, -0.09569750, -0.33267099, -0.33292300, 0.01378720, -0.94285297]
  cam_t_m2c: [-122.77510423, -33.56713650, 801.22837552]
  obj_bb: [213, 196, 53, 58]
  obj_id: 1
112:
- cam_R_m2c: [0.05506920, 0.99847502, 0.00376538, 0.95347899, -0.05146730, -0.29703301, -0.29638600, 0.01994760, -0.95485997]
  cam_t_m2c: [-132.57507468, -0.73790375, 824.70110391]
  obj_bb: [209, 221, 52, 54]
  obj_id: 1
113:
- cam_R_m2c: [0.06480680, 0.99779499, 0.01433870, 0.96831298, -0.05940610, -0.24257100, -0.24118400, 0.02960460, -0.97002798]
  cam_t_m2c: [-132.50453096, 33.50498986, 793.38749959]
  obj_bb: [204, 243, 55, 56]
  obj_id: 1
114:
- cam_R_m2c: [0.05256790, 0.99805701, 0.03346150, 0.97356302, -0.04376160, -0.22418800, -0.22228800, 0.04436200, -0.97397101]
  cam_t_m2c: [-121.51689115, 50.29570606, 780.32461164]
  obj_bb: [210, 255, 55, 56]
  obj_id: 1
115:
- cam_R_m2c: [0.05912050, 0.99586600, 0.06895970, 0.94570601, -0.03375800, -0.32326400, -0.31959999, 0.08432720, -0.94379300]
  cam_t_m2c: [-111.79864921, 53.72254695, 798.66182233]
  obj_bb: [218, 258, 55, 56]
  obj_id: 1
116:
- cam_R_m2c: [-0.01824020, 0.99644798, 0.08221040, 0.93131202, 0.04684780, -0.36119601, -0.36376399, 0.06997530, -0.92885900]
  cam_t_m2c: [-113.30315327, 57.65862690, 800.75604891]
  obj_bb: [217, 262, 55, 55]
  obj_id: 1
117:
- cam_R_m2c: [-0.03735320, 0.99872798, 0.03385940, 0.64502001, 0.04997590, -0.76253003, -0.76325202, -0.00664296, -0.64606601]
  cam_t_m2c: [-102.09539693, -18.38860142, 877.91086337]
  obj_bb: [233, 203, 51, 64]
  obj_id: 1
118:
- cam_R_m2c: [0.03736450, 0.99672103, 0.07177410, 0.68173802, 0.02708970, -0.73109502, -0.73064202, 0.07624820, -0.67848998]
  cam_t_m2c: [-133.95645767, -28.64964901, 872.08277163]
  obj_bb: [211, 196, 52, 65]
  obj_id: 1
119:
- cam_R_m2c: [0.05712950, 0.99513400, 0.08027670, 0.72484398, 0.01395030, -0.68877202, -0.68654102, 0.09753720, -0.72052002]
  cam_t_m2c: [-158.66992050, -19.66264184, 850.17717723]
  obj_bb: [192, 202, 53, 65]
  obj_id: 1
120:
- cam_R_m2c: [0.22686400, 0.96611899, 0.12307500, 0.63925397, -0.05237420, -0.76721001, -0.73477000, 0.25272799, -0.62947702]
  cam_t_m2c: [-161.75979077, -1.00394206, 876.25927150]
  obj_bb: [194, 214, 51, 66]
  obj_id: 1
121:
- cam_R_m2c: [0.42607501, 0.90396500, 0.03616830, 0.34862700, -0.12716800, -0.92859501, -0.83481699, 0.40825999, -0.36932901]
  cam_t_m2c: [-172.82721530, -28.31485807, 864.62093801]
  obj_bb: [187, 193, 49, 68]
  obj_id: 1
122:
- cam_R_m2c: [0.34692401, 0.93756902, 0.02465890, 0.34582600, -0.10343700, -0.93257999, -0.87180698, 0.33206201, -0.36012000]
  cam_t_m2c: [-144.84394042, -14.11229482, 833.86796213]
  obj_bb: [201, 201, 51, 71]
  obj_id: 1
123:
- cam_R_m2c: [0.23377800, 0.97210300, -0.01908680, 0.20358300, -0.06813580, -0.97668397, -0.95073801, 0.22444201, -0.21383201]
  cam_t_m2c: [-141.05574532, 6.68872615, 872.81139345]
  obj_bb: [208, 216, 50, 66]
  obj_id: 1
124:
- cam_R_m2c: [-0.10401200, 0.91247600, 0.39568800, 0.25334400, 0.40902999, -0.87664801, -0.96176797, 0.00906346, -0.27371401]
  cam_t_m2c: [-51.05548506, -97.63847893, 926.31477556]
  obj_bb: [265, 155, 49, 56]
  obj_id: 1
125:
- cam_R_m2c: [-0.13482100, 0.89619499, 0.42267901, 0.32864800, 0.44287100, -0.83418000, -0.93478000, 0.02644760, -0.35424101]
  cam_t_m2c: [-75.21630404, -108.50618984, 921.69297974]
  obj_bb: [250, 148, 49, 56]
  obj_id: 1
126:
- cam_R_m2c: [-0.31093401, 0.86158699, 0.40123400, 0.29558799, 0.48888600, -0.82074302, -0.90329897, -0.13659699, -0.40668499]
  cam_t_m2c: [-42.40159981, -88.11076808, 926.91381214]
  obj_bb: [270, 162, 49, 55]
  obj_id: 1
127:
- cam_R_m2c: [0.18418700, 0.97237998, 0.14335901, 0.85622603, -0.08711290, -0.50920302, -0.48265100, 0.21653600, -0.84862298]
  cam_t_m2c: [-178.49222746, 21.20448404, 813.99779093]
  obj_bb: [173, 233, 54, 62]
  obj_id: 1
128:
- cam_R_m2c: [0.39265099, 0.91206503, 0.11816400, 0.85349703, -0.31351101, -0.41623700, -0.34259000, 0.26428801, -0.90154499]
  cam_t_m2c: [-173.63628812, -43.00295459, 791.61295313]
  obj_bb: [176, 187, 51, 63]
  obj_id: 1
129:
- cam_R_m2c: [0.37400699, 0.91968900, 0.11954600, 0.85947299, -0.29528001, -0.41727200, -0.34846100, 0.25880900, -0.90088499]
  cam_t_m2c: [-165.26555823, -47.98965025, 794.47754198]
  obj_bb: [182, 183, 52, 64]
  obj_id: 1
130:
- cam_R_m2c: [0.48235199, 0.87570298, 0.02191010, 0.76669103, -0.40994501, -0.49409500, -0.42369801, 0.25512600, -0.86913198]
  cam_t_m2c: [-79.39297359, 32.74400941, 862.65671699]
  obj_bb: [251, 242, 46, 58]
  obj_id: 1
131:
- cam_R_m2c: [0.66705298, 0.74499601, 0.00461448, 0.71501702, -0.63844699, -0.28484300, -0.20926100, 0.19330500, -0.95856303]
  cam_t_m2c: [-100.95498443, -23.87309178, 870.94124708]
  obj_bb: [237, 207, 45, 51]
  obj_id: 1
132:
- cam_R_m2c: [0.68166000, 0.73166698, -0.00185651, 0.70940500, -0.66153598, -0.24313501, -0.17912200, 0.16441800, -0.96999103]
  cam_t_m2c: [-74.24807432, 45.80734187, 866.68686847]
  obj_bb: [254, 253, 44, 49]
  obj_id: 1
133:
- cam_R_m2c: [0.67181498, 0.73947799, 0.04286460, 0.72901702, -0.64984697, -0.21501800, -0.13114600, 0.17570101, -0.97566903]
  cam_t_m2c: [-96.99899713, 8.94068368, 791.17243863]
  obj_bb: [230, 227, 49, 54]
  obj_id: 1
134:
- cam_R_m2c: [0.67791498, 0.73387998, 0.04303440, 0.72731000, -0.66102302, -0.18457501, -0.10700900, 0.15642500, -0.98187602]
  cam_t_m2c: [-105.09068495, 12.66910726, 776.95463935]
  obj_bb: [223, 230, 50, 54]
  obj_id: 1
135:
- cam_R_m2c: [0.71548700, 0.69025302, 0.10784200, 0.69862598, -0.70709902, -0.10924000, 0.00085172, 0.15350100, -0.98814797]
  cam_t_m2c: [-121.83453126, 35.25139496, 795.71550393]
  obj_bb: [212, 245, 48, 53]
  obj_id: 1
136:
- cam_R_m2c: [0.53185099, 0.84279501, 0.08265040, 0.74819201, -0.42193800, -0.51203299, -0.39666501, 0.33416399, -0.85497999]
  cam_t_m2c: [-55.43616184, 29.84610245, 797.30675683]
  obj_bb: [261, 239, 49, 64]
  obj_id: 1
137:
- cam_R_m2c: [0.53645802, 0.84190297, 0.05841550, 0.82298398, -0.50656497, -0.25707901, -0.18684401, 0.18598700, -0.96462297]
  cam_t_m2c: [-59.16954703, -48.05078792, 703.99446335]
  obj_bb: [250, 179, 55, 64]
  obj_id: 1
138:
- cam_R_m2c: [0.62001598, 0.77987701, 0.08586660, 0.74486703, -0.55070800, -0.37668800, -0.24648300, 0.29751199, -0.92235202]
  cam_t_m2c: [-56.92600746, -28.71327425, 730.58183709]
  obj_bb: [253, 194, 53, 66]
  obj_id: 1
139:
- cam_R_m2c: [0.46856299, 0.88283002, 0.03255260, 0.82744801, -0.42566401, -0.36625099, -0.30948099, 0.19854701, -0.92994702]
  cam_t_m2c: [-93.09871688, -33.80669726, 734.51871829]
  obj_bb: [228, 191, 54, 66]
  obj_id: 1
140:
- cam_R_m2c: [-0.29846099, 0.95256102, 0.05957220, 0.94221902, 0.30401900, -0.14069700, -0.15213400, 0.01413760, -0.98825902]
  cam_t_m2c: [-96.54411797, -48.78236611, 699.54987740]
  obj_bb: [214, 175, 63, 59]
  obj_id: 1
141:
- cam_R_m2c: [-0.29829299, 0.95234299, 0.06374570, 0.94379199, 0.30425999, -0.12916100, -0.14240099, 0.02163500, -0.98957300]
  cam_t_m2c: [-97.50900365, -44.99724107, 698.55894147]
  obj_bb: [213, 178, 64, 59]
  obj_id: 1
142:
- cam_R_m2c: [-0.20305499, 0.97304702, 0.10931300, 0.97486901, 0.21134900, -0.07044400, -0.09164840, 0.09226150, -0.99150801]
  cam_t_m2c: [-91.20383254, -62.45391979, 654.87248826]
  obj_bb: [211, 158, 68, 63]
  obj_id: 1
143:
- cam_R_m2c: [-0.14792600, 0.98771203, 0.05043030, 0.98767501, 0.15017299, -0.04410580, -0.05113710, 0.04328440, -0.99775302]
  cam_t_m2c: [-82.52020802, -73.45286649, 848.89751663]
  obj_bb: [243, 169, 53, 50]
  obj_id: 1
144:
- cam_R_m2c: [-0.08548850, 0.99094898, 0.10349800, 0.99240899, 0.07547280, 0.09710220, 0.08841210, 0.11101300, -0.98987800]
  cam_t_m2c: [-82.71489167, -93.75594332, 821.23694447]
  obj_bb: [240, 151, 54, 51]
  obj_id: 1
145:
- cam_R_m2c: [0.31077400, 0.94025600, 0.13905901, 0.94603997, -0.29186299, -0.14079900, -0.09180140, 0.17531200, -0.98022300]
  cam_t_m2c: [-81.51569991, -19.84267681, 818.71598149]
  obj_bb: [244, 206, 49, 53]
  obj_id: 1
146:
- cam_R_m2c: [0.52919602, 0.82371998, 0.20355999, 0.50871003, -0.11600100, -0.85308701, -0.67909199, 0.55500299, -0.48042199]
  cam_t_m2c: [-59.69598024, 145.98553696, 899.79204945]
  obj_bb: [263, 308, 44, 66]
  obj_id: 1
147:
- cam_R_m2c: [0.57459700, 0.80585700, 0.14294100, 0.54828697, -0.24935099, -0.79825199, -0.60763502, 0.53704602, -0.58511698]
  cam_t_m2c: [-50.35102433, -4.35660575, 913.68337785]
  obj_bb: [271, 213, 42, 64]
  obj_id: 1
148:
- cam_R_m2c: [0.58494401, 0.80079699, 0.12870100, 0.49525300, -0.22698601, -0.83857101, -0.64231199, 0.55425698, -0.52937102]
  cam_t_m2c: [-64.51997269, 7.45915420, 928.82713198]
  obj_bb: [263, 220, 42, 63]
  obj_id: 1
149:
- cam_R_m2c: [0.52448899, 0.84509099, 0.10359700, 0.48133200, -0.19394000, -0.85481399, -0.70230401, 0.49820501, -0.50848901]
  cam_t_m2c: [-43.58390095, 24.66725450, 927.36726351]
  obj_bb: [276, 230, 43, 64]
  obj_id: 1
150:
- cam_R_m2c: [0.33237600, 0.93920302, 0.08615720, 0.61185801, -0.14520501, -0.77752501, -0.71774399, 0.31114700, -0.62292200]
  cam_t_m2c: [27.98321200, 1.61767631, 869.43647996]
  obj_bb: [320, 215, 46, 67]
  obj_id: 1
151:
- cam_R_m2c: [0.28499600, 0.95678699, 0.05776360, 0.53460997, -0.10864600, -0.83808601, -0.79559398, 0.26973200, -0.54247099]
  cam_t_m2c: [40.62794432, -16.76337358, 897.59629747]
  obj_bb: [328, 203, 46, 66]
  obj_id: 1
152:
- cam_R_m2c: [0.39624199, 0.91813397, 0.00482026, 0.40439501, -0.16980800, -0.89868200, -0.82429200, 0.35804501, -0.43857399]
  cam_t_m2c: [16.67129769, -28.36343003, 930.04917829]
  obj_bb: [315, 197, 42, 63]
  obj_id: 1
153:
- cam_R_m2c: [0.32868299, 0.94317698, 0.04884030, 0.30360299, -0.05654940, -0.95111901, -0.89431101, 0.32744399, -0.30493799]
  cam_t_m2c: [-31.47294524, -11.75669451, 837.71271585]
  obj_bb: [279, 203, 49, 69]
  obj_id: 1
154:
- cam_R_m2c: [0.31896299, 0.94617802, 0.05486150, 0.29596800, -0.04444810, -0.95416301, -0.90037000, 0.32058001, -0.29421499]
  cam_t_m2c: [-27.75551347, -14.75592305, 815.73693801]
  obj_bb: [280, 199, 51, 72]
  obj_id: 1
155:
- cam_R_m2c: [0.36445200, 0.93102002, 0.01939320, 0.26740399, -0.08468250, -0.95985597, -0.89200300, 0.35500801, -0.27982101]
  cam_t_m2c: [-89.44019229, -12.84816559, 862.76418199]
  obj_bb: [242, 203, 49, 67]
  obj_id: 1
156:
- cam_R_m2c: [0.32603601, 0.92666298, -0.18707000, 0.18426301, -0.25637999, -0.94884998, -0.92722601, 0.27488899, -0.25433901]
  cam_t_m2c: [-107.38781607, -26.90610715, 835.42573953]
  obj_bb: [229, 192, 51, 69]
  obj_id: 1
157:
- cam_R_m2c: [0.47194299, 0.87160999, -0.13253500, 0.32977501, -0.31394199, -0.89033097, -0.81762999, 0.37647900, -0.43559799]
  cam_t_m2c: [-98.66109676, -104.09499655, 699.90819379]
  obj_bb: [219, 118, 58, 84]
  obj_id: 1
158:
- cam_R_m2c: [0.23353700, 0.97218001, -0.01805750, 0.36225200, -0.10422400, -0.92623502, -0.90234900, 0.20976900, -0.37651500]
  cam_t_m2c: [-1.20409920, 33.07851985, 790.02183084]
  obj_bb: [299, 233, 52, 76]
  obj_id: 1
159:
- cam_R_m2c: [0.21922199, 0.97429401, 0.05189330, 0.49007100, -0.06396600, -0.86933202, -0.84366602, 0.21600799, -0.49149600]
  cam_t_m2c: [-23.54332824, 44.59268039, 787.87755304]
  obj_bb: [281, 243, 54, 75]
  obj_id: 1
160:
- cam_R_m2c: [0.20450400, 0.97433102, 0.09410950, 0.55439800, -0.03605250, -0.83147103, -0.80673498, 0.22221300, -0.54754001]
  cam_t_m2c: [-23.47892560, 64.60248433, 789.81817619]
  obj_bb: [281, 258, 54, 74]
  obj_id: 1
161:
- cam_R_m2c: [0.23687901, 0.97122902, 0.02455940, 0.56583703, -0.11736800, -0.81612098, -0.78975701, 0.20721801, -0.57735997]
  cam_t_m2c: [-42.51316123, 35.59766105, 789.53009413]
  obj_bb: [268, 237, 54, 74]
  obj_id: 1
162:
- cam_R_m2c: [0.32543799, 0.86640102, -0.37873399, 0.31889501, -0.47763801, -0.81863701, -0.89016598, 0.14563900, -0.43173301]
  cam_t_m2c: [-35.05582379, 40.98941740, 827.75575741]
  obj_bb: [282, 241, 49, 69]
  obj_id: 1
163:
- cam_R_m2c: [0.21425000, 0.90574902, -0.36567101, 0.44784299, -0.42378601, -0.78729999, -0.86806297, 0.00491618, -0.49643001]
  cam_t_m2c: [-67.99651171, 17.66615488, 801.25616019]
  obj_bb: [255, 225, 53, 72]
  obj_id: 1
164:
- cam_R_m2c: [0.17925100, 0.90783900, -0.37907401, 0.58569098, -0.40806600, -0.70032001, -0.79046601, -0.09648710, -0.60485899]
  cam_t_m2c: [-71.42325157, 29.59616892, 813.98727049]
  obj_bb: [254, 235, 52, 69]
  obj_id: 1
165:
- cam_R_m2c: [0.15001900, 0.91176897, -0.38232499, 0.63517201, -0.38522300, -0.66944700, -0.75766098, -0.14241201, -0.63692099]
  cam_t_m2c: [-44.21724810, 9.22069235, 770.79349701]
  obj_bb: [270, 220, 55, 72]
  obj_id: 1
166:
- cam_R_m2c: [0.17643200, 0.94574600, -0.27283201, 0.73305601, -0.31122500, -0.60478801, -0.65688801, -0.09329700, -0.74819398]
  cam_t_m2c: [-51.43262642, 9.21854060, 758.05940049]
  obj_bb: [263, 221, 56, 71]
  obj_id: 1
167:
- cam_R_m2c: [0.34014800, 0.92798400, -0.15213500, 0.80275798, -0.37080601, -0.46699300, -0.48977500, 0.03671900, -0.87107497]
  cam_t_m2c: [-67.83958498, 3.84179442, 739.88200100]
  obj_bb: [249, 219, 55, 68]
  obj_id: 1
168:
- cam_R_m2c: [0.34090400, 0.92611700, -0.16152900, 0.76585698, -0.37323600, -0.52359998, -0.54520398, 0.05478950, -0.83651102]
  cam_t_m2c: [-97.68633963, -24.21259681, 766.87249932]
  obj_bb: [229, 197, 55, 69]
  obj_id: 1
169:
- cam_R_m2c: [0.40749100, 0.89481002, -0.18239100, 0.60828602, -0.41492799, -0.67662603, -0.68113101, 0.16477300, -0.71337998]
  cam_t_m2c: [-150.03167219, -34.93551329, 810.64921512]
  obj_bb: [198, 189, 51, 70]
  obj_id: 1
170:
- cam_R_m2c: [0.33077401, 0.94324797, -0.02951210, 0.72781003, -0.27488199, -0.62827700, -0.60073400, 0.18633901, -0.77743000]
  cam_t_m2c: [-131.88709084, -33.19918912, 760.24011086]
  obj_bb: [201, 187, 55, 74]
  obj_id: 1
171:
- cam_R_m2c: [0.09439370, 0.92854798, 0.35901001, 0.47729501, 0.27426100, -0.83484697, -0.87365901, 0.25015801, -0.41730300]
  cam_t_m2c: [-45.12096674, -65.93978119, 739.14741948]
  obj_bb: [256, 157, 60, 74]
  obj_id: 1
172:
- cam_R_m2c: [-0.10883300, 0.91364098, 0.39168200, 0.37551501, 0.40261400, -0.83480000, -0.92040402, 0.05622940, -0.38690400]
  cam_t_m2c: [-76.84929220, -85.83586854, 827.18028368]
  obj_bb: [240, 153, 55, 62]
  obj_id: 1
173:
- cam_R_m2c: [-0.16056600, 0.84743100, 0.50604302, 0.52719200, 0.50706899, -0.68187201, -0.83443803, 0.15729600, -0.52817702]
  cam_t_m2c: [-138.45534493, -78.19388159, 798.86074645]
  obj_bb: [192, 158, 57, 60]
  obj_id: 1
174:
- cam_R_m2c: [0.59892398, 0.79967898, 0.04246890, 0.62614900, -0.43457800, -0.64736402, -0.49922699, 0.41431299, -0.76099700]
  cam_t_m2c: [-101.70796759, -37.91667008, 754.22085356]
  obj_bb: [223, 183, 52, 74]
  obj_id: 1
175:
