0:
- cam_R_m2c: [-0.05081750, 0.99733198, -0.05241400, 0.93482399, 0.02903240, -0.35392201, -0.35145599, -0.06698330, -0.93380499]
  cam_t_m2c: [50.10567277, -77.01673570, 958.81105256]
  obj_bb: [313, 158, 85, 81]
  obj_id: 15
1:
- cam_R_m2c: [0.01845880, 0.99982500, 0.00296647, 0.86425799, -0.01446400, -0.50284100, -0.50271100, 0.01184560, -0.86437398]
  cam_t_m2c: [42.67394380, -114.22859879, 1021.90392835]
  obj_bb: [308, 136, 81, 88]
  obj_id: 15
2:
- cam_R_m2c: [0.04571200, 0.99827302, 0.03689720, 0.86775500, -0.02138320, -0.49653101, -0.49488500, 0.05471520, -0.86723399]
  cam_t_m2c: [-2.10541885, -131.08660179, 989.41022275]
  obj_bb: [282, 122, 83, 92]
  obj_id: 15
3:
- cam_R_m2c: [0.03907130, 0.99871403, 0.03231080, 0.87553698, -0.01863290, -0.48279101, -0.48156899, 0.04715260, -0.87513900]
  cam_t_m2c: [7.76127388, -142.23201757, 969.78111931]
  obj_bb: [287, 113, 84, 93]
  obj_id: 15
4:
- cam_R_m2c: [0.02264000, 0.99942899, 0.02509820, 0.87904900, -0.00794275, -0.47666499, -0.47619301, 0.03285430, -0.87872702]
  cam_t_m2c: [18.39476689, -142.08502470, 959.56929017]
  obj_bb: [293, 112, 85, 94]
  obj_id: 15
5:
- cam_R_m2c: [-0.26579401, 0.95415002, 0.13766100, 0.86667800, 0.29903701, -0.39930600, -0.42216399, 0.01317440, -0.90642399]
  cam_t_m2c: [36.82225408, -182.93992634, 860.14104285]
  obj_bb: [296, 60, 98, 120]
  obj_id: 15
6:
- cam_R_m2c: [-0.33956599, 0.91663897, 0.21087401, 0.80907202, 0.39899001, -0.43152100, -0.47968501, 0.02408240, -0.87711000]
  cam_t_m2c: [7.43209150, -140.19356464, 771.45189770]
  obj_bb: [268, 67, 111, 140]
  obj_id: 15
7:
- cam_R_m2c: [-0.32800499, 0.92136002, 0.20858701, 0.80314797, 0.38823101, -0.45191801, -0.49735901, 0.01929500, -0.86733001]
  cam_t_m2c: [6.92261584, -131.73142124, 759.44892295]
  obj_bb: [267, 70, 112, 143]
  obj_id: 15
8:
- cam_R_m2c: [-0.01911870, 0.98976398, -0.14142901, 0.87767398, -0.05113780, -0.47652301, -0.47887701, -0.13323900, -0.86771202]
  cam_t_m2c: [4.21865947, -136.90898435, 655.56242866]
  obj_bb: [261, 53, 134, 142]
  obj_id: 15
9:
- cam_R_m2c: [-0.61002201, 0.78669000, -0.09482910, 0.74455500, 0.52812999, -0.40831000, -0.27113101, -0.31968299, -0.90790498]
  cam_t_m2c: [175.81531638, -111.68098691, 995.63360583]
  obj_bb: [383, 126, 83, 106]
  obj_id: 15
10:
- cam_R_m2c: [-0.61998999, 0.77741998, -0.10597600, 0.74517602, 0.54115301, -0.38970101, -0.24561200, -0.32058099, -0.91482401]
  cam_t_m2c: [171.49371087, -135.69386314, 952.36308905]
  obj_bb: [384, 105, 86, 112]
  obj_id: 15
11:
- cam_R_m2c: [-0.56609601, 0.81238699, -0.13986699, 0.79119802, 0.48783401, -0.36881399, -0.23138800, -0.31944600, -0.91891998]
  cam_t_m2c: [121.04931591, -167.91224981, 848.02143742]
  obj_bb: [360, 67, 95, 125]
  obj_id: 15
12:
- cam_R_m2c: [-0.38774499, 0.90559697, -0.17189400, 0.89379698, 0.32379401, -0.31029800, -0.22534700, -0.27395499, -0.93496901]
  cam_t_m2c: [29.66852340, -178.40305403, 753.73669210]
  obj_bb: [295, 42, 111, 130]
  obj_id: 15
13:
- cam_R_m2c: [-0.23325600, 0.96008199, -0.15438300, 0.93994498, 0.18192300, -0.28880200, -0.24918801, -0.21247600, -0.94485903]
  cam_t_m2c: [-40.85219628, -139.66590561, 652.56098581]
  obj_bb: [219, 52, 139, 137]
  obj_id: 15
14:
- cam_R_m2c: [0.05520220, 0.99611098, -0.06866690, 0.99120498, -0.06295460, -0.11640400, -0.12027400, -0.06163720, -0.99082500]
  cam_t_m2c: [53.12779006, -204.54223566, 994.22398434]
  obj_bb: [316, 95, 82, 67]
  obj_id: 15
15:
- cam_R_m2c: [0.05813770, 0.99563003, -0.07308570, 0.98617297, -0.06865720, -0.15082701, -0.15518600, -0.06330640, -0.98585498]
  cam_t_m2c: [50.08611340, -181.81684624, 928.12107209]
  obj_bb: [313, 97, 88, 74]
  obj_id: 15
16:
- cam_R_m2c: [0.05706680, 0.98781002, -0.14482599, 0.98053998, -0.08274840, -0.17803100, -0.18784501, -0.13184801, -0.97330898]
  cam_t_m2c: [67.15802717, -185.93940049, 849.98293449]
  obj_bb: [322, 79, 99, 85]
  obj_id: 15
17:
- cam_R_m2c: [0.01841530, 0.98542100, -0.16913299, 0.97056699, -0.05824610, -0.23368300, -0.24012800, -0.15985200, -0.95748901]
  cam_t_m2c: [56.70195006, -178.83440948, 727.96424831]
  obj_bb: [311, 51, 118, 108]
  obj_id: 15
18:
- cam_R_m2c: [0.02292880, 0.98495400, -0.17128700, 0.96942699, -0.06377360, -0.23694900, -0.24430799, -0.16061699, -0.95630300]
  cam_t_m2c: [39.76357958, -182.11678174, 692.41425103]
  obj_bb: [294, 37, 127, 116]
  obj_id: 15
19:
- cam_R_m2c: [0.01820580, 0.98460197, -0.17386100, 0.96685499, -0.06163000, -0.24777700, -0.25467700, -0.16358700, -0.95308900]
  cam_t_m2c: [15.04302034, -179.00930054, 646.86437575]
  obj_bb: [267, 23, 139, 127]
  obj_id: 15
20:
- cam_R_m2c: [0.50322503, 0.85993898, -0.08526120, 0.70355397, -0.46499199, -0.53739601, -0.50177300, 0.21044500, -0.83900899]
  cam_t_m2c: [66.56802947, -131.63382740, 1008.84768786]
  obj_bb: [323, 131, 83, 92]
  obj_id: 15
21:
- cam_R_m2c: [0.46453300, 0.88323897, -0.06401320, 0.74068701, -0.42714399, -0.51858503, -0.48537701, 0.19348601, -0.85262603]
  cam_t_m2c: [75.86715255, -149.76587815, 960.05073402]
  obj_bb: [328, 114, 86, 96]
  obj_id: 15
22:
- cam_R_m2c: [0.35405299, 0.93087399, -0.09011090, 0.80714500, -0.35281301, -0.47332901, -0.47240201, 0.09485110, -0.87626499]
  cam_t_m2c: [118.92032818, -172.10999688, 850.40896102]
  obj_bb: [357, 80, 97, 109]
  obj_id: 15
23:
- cam_R_m2c: [0.22921300, 0.97280699, 0.03327950, 0.87471801, -0.19086200, -0.44546601, -0.42700100, 0.13121700, -0.89468002]
  cam_t_m2c: [62.00387455, -173.61787902, 760.18188423]
  obj_bb: [317, 54, 105, 122]
  obj_id: 15
24:
- cam_R_m2c: [0.12238700, 0.98624301, 0.11111100, 0.90129298, -0.06356750, -0.42852101, -0.41556299, 0.15258899, -0.89667398]
  cam_t_m2c: [15.92287922, -151.31047228, 655.86563007]
  obj_bb: [274, 39, 122, 142]
  obj_id: 15
25:
- cam_R_m2c: [-0.37290999, 0.92434800, -0.08074140, 0.82995301, 0.29338500, -0.47445101, -0.41486999, -0.24393900, -0.87657100]
  cam_t_m2c: [118.78270066, -189.48205989, 997.45147085]
  obj_bb: [351, 82, 84, 104]
  obj_id: 15
26:
- cam_R_m2c: [-0.35351899, 0.93261701, -0.07245280, 0.84204102, 0.28353599, -0.45888299, -0.40741900, -0.22323200, -0.88553798]
  cam_t_m2c: [102.20837302, -192.08906541, 948.58542179]
  obj_bb: [343, 72, 88, 109]
  obj_id: 15
27:
- cam_R_m2c: [-0.35936800, 0.93095899, -0.06457220, 0.84136802, 0.29329699, -0.45395601, -0.40367600, -0.21746600, -0.88868099]
  cam_t_m2c: [89.56570073, -181.21869682, 847.15417569]
  obj_bb: [336, 58, 98, 124]
  obj_id: 15
28:
- cam_R_m2c: [-0.30188000, 0.94945598, -0.08603520, 0.87949401, 0.24253200, -0.40947300, -0.36791000, -0.19927900, -0.90825701]
  cam_t_m2c: [66.82873388, -207.62270265, 738.44049632]
  obj_bb: [323, 10, 110, 141]
  obj_id: 15
29:
- cam_R_m2c: [-0.28146699, 0.95788598, -0.05683430, 0.88854200, 0.23781100, -0.39235201, -0.36231300, -0.16093400, -0.91805798]
  cam_t_m2c: [26.01756623, -190.65741561, 644.19895535]
  obj_bb: [287, -11, 126, 163]
  obj_id: 15
30:
- cam_R_m2c: [-0.17682900, 0.98230398, -0.06173320, 0.97291303, 0.16496100, -0.16195001, -0.14890000, -0.08869840, -0.98486602]
  cam_t_m2c: [49.88418142, -197.57890407, 997.46424070]
  obj_bb: [313, 92, 83, 78]
  obj_id: 15
31:
- cam_R_m2c: [-0.13955399, 0.98684603, -0.08160970, 0.97882402, 0.12501501, -0.16209300, -0.14975800, -0.10250200, -0.98339498]
  cam_t_m2c: [60.96492545, -194.69828919, 932.47736419]
  obj_bb: [320, 84, 87, 83]
  obj_id: 15
32:
- cam_R_m2c: [-0.15061700, 0.98010099, -0.12929299, 0.97826898, 0.12891300, -0.16239300, -0.14249399, -0.15094300, -0.97821897]
  cam_t_m2c: [80.88447684, -203.45742690, 832.77881105]
  obj_bb: [334, 57, 97, 95]
  obj_id: 15
33:
- cam_R_m2c: [-0.27573499, 0.95519400, -0.10758900, 0.95126098, 0.25507799, -0.17331401, -0.13810501, -0.15013400, -0.97897202]
  cam_t_m2c: [107.90807410, -208.36255601, 737.30612386]
  obj_bb: [353, 20, 112, 122]
  obj_id: 15
34:
- cam_R_m2c: [-0.33734199, 0.94099402, -0.02704110, 0.91722900, 0.32208601, -0.23441800, -0.21187600, -0.10388200, -0.97175997]
  cam_t_m2c: [39.77906718, -172.88078734, 643.86959786]
  obj_bb: [297, 11, 126, 152]
  obj_id: 15
35:
- cam_R_m2c: [-0.00499272, 0.99742001, -0.07161010, 0.95113802, -0.01737180, -0.30827701, -0.30872601, -0.06965020, -0.94859701]
  cam_t_m2c: [-50.51157655, -164.24356338, 801.69877542]
  obj_bb: [234, 76, 109, 102]
  obj_id: 15
36:
- cam_R_m2c: [0.23653600, 0.97130299, 0.02491970, 0.81283700, -0.18376400, -0.55274498, -0.53230399, 0.15099999, -0.83297801]
  cam_t_m2c: [90.70073923, -7.60991911, 1021.19214206]
  obj_bb: [334, 202, 80, 83]
  obj_id: 15
37:
- cam_R_m2c: [0.13773100, 0.98994499, 0.03224410, 0.84394002, -0.10025300, -0.52698702, -0.51845598, 0.09979460, -0.84926099]
  cam_t_m2c: [116.75272639, 5.26986658, 958.03961007]
  obj_bb: [350, 207, 85, 85]
  obj_id: 15
38:
- cam_R_m2c: [0.07828540, 0.99028403, 0.11492900, 0.84980100, -0.00601002, -0.52706897, -0.52125698, 0.13892899, -0.84201503]
  cam_t_m2c: [75.97159477, 11.27458102, 874.30291991]
  obj_bb: [324, 204, 93, 96]
  obj_id: 15
39:
- cam_R_m2c: [0.02709190, 0.98923200, 0.14382499, 0.86468899, 0.04900140, -0.49991101, -0.50157601, 0.13790800, -0.85405099]
  cam_t_m2c: [63.36230310, 0.07260363, 844.30057518]
  obj_bb: [314, 194, 97, 100]
  obj_id: 15
40:
- cam_R_m2c: [-0.05956500, 0.97654802, 0.20689701, 0.87076801, 0.15217200, -0.46755299, -0.48807201, 0.15231000, -0.85941100]
  cam_t_m2c: [38.46720553, -14.61502877, 774.95004559]
  obj_bb: [293, 176, 107, 114]
  obj_id: 15
41:
- cam_R_m2c: [-0.14533800, 0.97514403, 0.16724400, 0.87180299, 0.20614800, -0.44436699, -0.46779901, 0.08122050, -0.88009501]
  cam_t_m2c: [24.70508682, -51.37943679, 671.29056540]
  obj_bb: [277, 129, 125, 139]
  obj_id: 15
42:
- cam_R_m2c: [-0.21987200, 0.97468901, 0.04048010, 0.87435102, 0.21529999, -0.43492001, -0.43262699, -0.06023290, -0.89955902]
  cam_t_m2c: [-2.30853307, 19.64393107, 1019.92274844]
  obj_bb: [282, 213, 82, 85]
  obj_id: 15
43:
- cam_R_m2c: [-0.50428998, 0.85935700, -0.08483540, 0.70324302, 0.35168299, -0.61787403, -0.50113899, -0.37124801, -0.78168702]
  cam_t_m2c: [42.80330209, 6.84120648, 1024.02278582]
  obj_bb: [311, 196, 79, 103]
  obj_id: 15
44:
- cam_R_m2c: [-0.49816501, 0.86045998, -0.10695500, 0.70416301, 0.32949701, -0.62895697, -0.50595099, -0.38863799, -0.77004802]
  cam_t_m2c: [45.93921866, 16.96092408, 979.11594616]
  obj_bb: [313, 200, 83, 108]
  obj_id: 15
45:
- cam_R_m2c: [-0.45295501, 0.87949097, -0.14604200, 0.72833902, 0.27057299, -0.62953401, -0.51415402, -0.39151800, -0.76312500]
  cam_t_m2c: [22.16164701, -10.85340149, 877.68898202]
  obj_bb: [298, 178, 92, 118]
  obj_id: 15
46:
- cam_R_m2c: [-0.04193580, 0.99782401, -0.05087600, 0.87039798, 0.01148400, -0.49221399, -0.49055901, -0.06492380, -0.86898601]
  cam_t_m2c: [-52.26337344, -43.71661035, 1018.51542318]
  obj_bb: [255, 178, 83, 83]
  obj_id: 15
47:
- cam_R_m2c: [-0.03477900, 0.99676198, -0.07249720, 0.89324200, -0.00153176, -0.44957399, -0.44822901, -0.08039320, -0.89029598]
  cam_t_m2c: [-38.62825134, -56.48307107, 973.52544164]
  obj_bb: [259, 169, 88, 85]
  obj_id: 15
48:
- cam_R_m2c: [-0.51352298, 0.84911102, -0.12371300, 0.77302098, 0.39520499, -0.49623701, -0.37246799, -0.35046199, -0.85932702]
  cam_t_m2c: [-52.49603650, -24.66347456, 1018.10456147]
  obj_bb: [260, 180, 79, 100]
  obj_id: 15
49:
- cam_R_m2c: [-0.50118798, 0.85061002, -0.15897800, 0.78255099, 0.36710599, -0.50283903, -0.36935800, -0.37642500, -0.84963399]
  cam_t_m2c: [-30.41343628, -17.34847297, 973.35864229]
  obj_bb: [269, 183, 84, 102]
  obj_id: 15
50:
- cam_R_m2c: [-0.55004501, 0.82616502, -0.12207300, 0.75069797, 0.42507401, -0.50573099, -0.36592701, -0.36981499, -0.85401100]
  cam_t_m2c: [-27.19450565, -35.28657108, 876.64282328]
  obj_bb: [268, 161, 88, 119]
  obj_id: 15
51:
- cam_R_m2c: [-0.61892200, 0.78538901, -0.01003470, 0.70557302, 0.55031902, -0.44644800, -0.34511301, -0.28339699, -0.89475298]
  cam_t_m2c: [-42.58807730, -88.80779021, 771.15309176]
  obj_bb: [246, 105, 99, 142]
  obj_id: 15
52:
- cam_R_m2c: [-0.08530500, 0.98547298, -0.14685300, 0.97950900, 0.05595780, -0.19347200, -0.18244401, -0.16034800, -0.97005302]
  cam_t_m2c: [-96.33411871, -57.87326755, 1014.21900906]
  obj_bb: [224, 182, 92, 63]
  obj_id: 15
53:
- cam_R_m2c: [-0.11313300, 0.97759598, -0.17750400, 0.98181200, 0.08258080, -0.17095400, -0.15246500, -0.19361600, -0.96915799]
  cam_t_m2c: [-70.21055572, -84.36265156, 958.12359103]
  obj_bb: [234, 161, 97, 69]
  obj_id: 15
54:
- cam_R_m2c: [-0.12220900, 0.96941799, -0.21282400, 0.97965002, 0.08342130, -0.18255600, -0.15921900, -0.23080300, -0.95988500]
  cam_t_m2c: [-72.43827270, -101.78735498, 898.44279039]
  obj_bb: [224, 143, 107, 76]
  obj_id: 15
55:
- cam_R_m2c: [-0.11941800, 0.97794002, -0.17138401, 0.97845799, 0.08664220, -0.18738399, -0.16840100, -0.19006900, -0.96722001]
  cam_t_m2c: [-108.78787714, -93.84592659, 859.24495188]
  obj_bb: [195, 143, 112, 80]
  obj_id: 15
56:
- cam_R_m2c: [0.18116499, 0.98082399, 0.07185300, 0.67783898, -0.07159770, -0.73171598, -0.71253997, 0.18126599, -0.67781198]
  cam_t_m2c: [23.17389868, -137.59690779, 1031.96149927]
  obj_bb: [297, 117, 79, 99]
  obj_id: 15
57:
- cam_R_m2c: [0.16562000, 0.97994000, 0.11085000, 0.69144702, -0.03523820, -0.72156698, -0.70318598, 0.19615300, -0.68341303]
  cam_t_m2c: [8.23356818, -138.39436502, 985.12396558]
  obj_bb: [286, 109, 83, 105]
  obj_id: 15
58:
- cam_R_m2c: [0.08328970, 0.98694497, 0.13784800, 0.71041799, 0.03819970, -0.70274198, -0.69883400, 0.15646100, -0.69796199]
  cam_t_m2c: [43.90338099, -109.80804023, 892.64219247]
  obj_bb: [303, 113, 92, 116]
  obj_id: 15
59:
- cam_R_m2c: [0.07713790, 0.98835999, 0.13112500, 0.70757300, 0.03838760, -0.70559698, -0.70241702, 0.14720900, -0.69637603]
  cam_t_m2c: [46.47433005, -92.67663952, 860.79087138]
  obj_bb: [304, 120, 95, 120]
  obj_id: 15
60:
- cam_R_m2c: [0.09005920, 0.99224299, 0.08569040, 0.72567898, -0.00644885, -0.68800300, -0.68211401, 0.12414500, -0.72063100]
  cam_t_m2c: [50.29758233, -97.71704577, 777.50464042]
  obj_bb: [306, 104, 105, 131]
  obj_id: 15
61:
- cam_R_m2c: [0.15476100, 0.98712403, 0.04044800, 0.75977999, -0.09274900, -0.64353001, -0.63149202, 0.13032500, -0.76435101]
  cam_t_m2c: [16.93744955, -127.97735579, 651.79223508]
  obj_bb: [276, 51, 124, 157]
  obj_id: 15
62:
- cam_R_m2c: [0.14463700, 0.98943102, 0.01034860, 0.71529299, -0.09732500, -0.69201398, -0.68369299, 0.10749300, -0.72180998]
  cam_t_m2c: [80.05809968, -139.43396075, 803.47276355]
  obj_bb: [330, 80, 101, 128]
  obj_id: 15
63:
- cam_R_m2c: [-0.44411901, 0.89055997, -0.09828860, 0.62187397, 0.22742000, -0.74936801, -0.64500499, -0.39393100, -0.65481800]
  cam_t_m2c: [33.50031559, -82.61469522, 1040.21148896]
  obj_bb: [307, 144, 78, 106]
  obj_id: 15
64:
- cam_R_m2c: [-0.44040000, 0.89108998, -0.10956900, 0.60947102, 0.20711701, -0.76527601, -0.65923703, -0.40380701, -0.63430798]
  cam_t_m2c: [25.40677045, -61.20063477, 984.50795991]
  obj_bb: [301, 152, 83, 111]
  obj_id: 15
65:
- cam_R_m2c: [-0.44202101, 0.88638198, -0.13764000, 0.62205303, 0.19234900, -0.75897998, -0.64627200, -0.42110500, -0.63639897]
  cam_t_m2c: [45.07060255, -50.14310596, 891.47550794]
  obj_bb: [312, 150, 91, 122]
  obj_id: 15
66:
- cam_R_m2c: [-0.47150701, 0.87376702, -0.11921600, 0.61874998, 0.23146699, -0.75071400, -0.62835401, -0.42773199, -0.64978200]
  cam_t_m2c: [47.38335096, -59.54793178, 792.46989071]
  obj_bb: [312, 130, 102, 140]
  obj_id: 15
67:
- cam_R_m2c: [-0.52203101, 0.85101199, -0.05711160, 0.58078498, 0.30563200, -0.75450498, -0.62463802, -0.42704400, -0.65380502]
  cam_t_m2c: [43.13275102, -61.61140094, 691.01829275]
  obj_bb: [304, 108, 117, 166]
  obj_id: 15
68:
- cam_R_m2c: [-0.17791800, 0.96751797, -0.17959100, 0.80441201, 0.03787710, -0.59286302, -0.56680298, -0.24994700, -0.78502297]
  cam_t_m2c: [-62.62621899, -46.90255455, 686.76652210]
  obj_bb: [206, 137, 134, 136]
  obj_id: 15
69:
- cam_R_m2c: [0.18044700, 0.98211199, -0.05380420, 0.82430398, -0.18084300, -0.53648698, -0.53662097, 0.05245640, -0.84219199]
  cam_t_m2c: [20.73299073, -18.80140800, 1002.87047871]
  obj_bb: [297, 195, 82, 84]
  obj_id: 15
70:
- cam_R_m2c: [0.31603199, 0.94865698, -0.01321250, 0.79952598, -0.27379599, -0.53459698, -0.51076603, 0.15838601, -0.84500402]
  cam_t_m2c: [-26.35379514, 11.06528566, 967.70768007]
  obj_bb: [268, 214, 86, 85]
  obj_id: 15
71:
- cam_R_m2c: [0.47063199, 0.86599803, 0.16897801, 0.84296101, -0.38474199, -0.37601799, -0.26061699, 0.31940800, -0.91107500]
  cam_t_m2c: [-60.32380070, -0.60845783, 1015.53209529]
  obj_bb: [248, 217, 80, 71]
  obj_id: 15
72:
- cam_R_m2c: [0.47494501, 0.86501598, 0.16178501, 0.85283202, -0.40708899, -0.32704100, -0.21703500, 0.29330200, -0.93105799]
  cam_t_m2c: [-64.87507616, -36.43903848, 968.60739579]
  obj_bb: [242, 195, 84, 73]
  obj_id: 15
73:
- cam_R_m2c: [0.35203400, 0.92416400, 0.14829899, 0.89435601, -0.28539899, -0.34449100, -0.27604201, 0.25390401, -0.92700201]
  cam_t_m2c: [-64.46544207, -8.42164522, 915.95166384]
  obj_bb: [239, 208, 88, 76]
  obj_id: 15
74:
- cam_R_m2c: [0.31464401, 0.93668002, 0.15372200, 0.90166003, -0.24432300, -0.35681301, -0.29666099, 0.25087401, -0.92144197]
  cam_t_m2c: [-63.07100501, 0.23831802, 905.22554799]
  obj_bb: [238, 212, 90, 77]
  obj_id: 15
75:
- cam_R_m2c: [0.17198400, 0.97358203, 0.15019800, 0.92575002, -0.10761000, -0.36250201, -0.33676299, 0.20139100, -0.91979998]
  cam_t_m2c: [-63.18348795, -10.73633906, 864.43007120]
  obj_bb: [234, 199, 94, 82]
  obj_id: 15
76:
- cam_R_m2c: [0.18020600, 0.98355800, 0.01177600, 0.94550198, -0.16990800, -0.27777201, -0.27120399, 0.06119050, -0.96057498]
  cam_t_m2c: [9.92944937, -65.83398418, 984.32326447]
  obj_bb: [289, 176, 83, 68]
  obj_id: 15
77:
- cam_R_m2c: [0.21273600, 0.97641200, 0.03693020, 0.94116199, -0.19460499, -0.27630299, -0.26259899, 0.09353690, -0.96036100]
  cam_t_m2c: [35.30615112, -59.88487626, 974.71964088]
  obj_bb: [303, 179, 83, 69]
  obj_id: 15
78:
- cam_R_m2c: [-0.06327750, 0.99774998, -0.02215780, 0.96032000, 0.05483080, -0.27345699, -0.27162701, -0.03858230, -0.96162897]
  cam_t_m2c: [68.47843808, -62.94750124, 860.64392578]
  obj_bb: [322, 161, 96, 84]
  obj_id: 15
79:
- cam_R_m2c: [0.39382899, 0.91442800, -0.09337860, 0.54133600, -0.31284001, -0.78043997, -0.74286902, 0.25681001, -0.61821800]
  cam_t_m2c: [88.34009316, 32.53102989, 1032.24693787]
  obj_bb: [335, 219, 82, 97]
  obj_id: 15
80:
- cam_R_m2c: [0.38950899, 0.91806799, -0.07371960, 0.58650398, -0.30895600, -0.74870503, -0.71013802, 0.24839000, -0.65879101]
  cam_t_m2c: [79.99122756, -20.50511250, 979.46819739]
  obj_bb: [331, 186, 85, 102]
  obj_id: 15
81:
- cam_R_m2c: [0.28637499, 0.95567799, 0.06832590, 0.70045501, -0.16017200, -0.69549102, -0.65372199, 0.24703100, -0.71527898]
  cam_t_m2c: [69.47058802, -49.69548365, 882.58435646]
  obj_bb: [321, 158, 92, 111]
  obj_id: 15
82:
- cam_R_m2c: [0.09952390, 0.98070401, 0.16826800, 0.76124698, 0.03385750, -0.64757800, -0.64077997, 0.19254300, -0.74318802]
  cam_t_m2c: [90.63873004, -30.42506527, 783.53730976]
  obj_bb: [333, 159, 103, 123]
  obj_id: 15
83:
- cam_R_m2c: [0.13328101, 0.98848200, -0.07168480, 0.80148399, -0.15004800, -0.57888699, -0.58297497, 0.01970010, -0.81225097]
  cam_t_m2c: [125.31937152, -78.36899938, 970.59520708]
  obj_bb: [357, 153, 85, 94]
  obj_id: 15
84:
- cam_R_m2c: [0.16963901, 0.98282099, -0.07270420, 0.79110903, -0.17979801, -0.58465302, -0.58768100, 0.04166290, -0.80801898]
  cam_t_m2c: [118.54608966, -80.29060617, 990.61613570]
  obj_bb: [352, 154, 84, 92]
  obj_id: 15
85:
- cam_R_m2c: [0.26897401, 0.94560498, -0.18298499, 0.70937401, -0.32300600, -0.62646300, -0.65149200, 0.03869760, -0.75766802]
  cam_t_m2c: [91.32185845, -13.41955305, 878.32294745]
  obj_bb: [336, 190, 101, 104]
  obj_id: 15
86:
- cam_R_m2c: [-0.39762300, 0.90393603, -0.15746900, 0.61610401, 0.13585401, -0.77586102, -0.67993599, -0.40551701, -0.61093700]
  cam_t_m2c: [24.37442617, -4.33639010, 935.66004501]
  obj_bb: [300, 184, 88, 114]
  obj_id: 15
87:
- cam_R_m2c: [-0.32665101, 0.92527902, -0.19276300, 0.65929401, 0.07693260, -0.74793899, -0.67722303, -0.37140301, -0.63516098]
  cam_t_m2c: [-0.39999739, -21.31498818, 894.18551679]
  obj_bb: [280, 173, 96, 114]
  obj_id: 15
88:
- cam_R_m2c: [-0.21301500, 0.94203001, -0.25923899, 0.73206502, -0.02183670, -0.68088502, -0.64707500, -0.33481899, -0.68497503]
  cam_t_m2c: [-39.49673678, -44.02164623, 784.14771208]
  obj_bb: [238, 151, 119, 122]
  obj_id: 15
89:
- cam_R_m2c: [-0.19881700, 0.94177198, -0.27117899, 0.73388702, -0.04031760, -0.67807400, -0.64952397, -0.33382699, -0.68313801]
  cam_t_m2c: [-46.44719269, -32.85395836, 754.57465921]
  obj_bb: [228, 157, 125, 126]
  obj_id: 15
90:
- cam_R_m2c: [-0.19374600, 0.93671900, -0.29158199, 0.75875503, -0.04533190, -0.64979702, -0.62189502, -0.34713501, -0.70195699]
  cam_t_m2c: [-54.12345451, -46.09229016, 690.16739089]
  obj_bb: [210, 139, 140, 136]
  obj_id: 15
91:
- cam_R_m2c: [-0.08133270, 0.99192202, -0.09733870, 0.70987499, -0.01090210, -0.70424300, -0.69961601, -0.12637600, -0.70325500]
  cam_t_m2c: [21.96582292, -15.09571861, 1037.10842978]
  obj_bb: [299, 189, 80, 93]
  obj_id: 15
92:
- cam_R_m2c: [-0.08544900, 0.99026000, -0.10992400, 0.74527502, -0.00969626, -0.66668701, -0.66126001, -0.13889100, -0.73718703]
  cam_t_m2c: [-2.23724564, -53.69840006, 985.97572010]
  obj_bb: [282, 164, 86, 97]
  obj_id: 15
93:
- cam_R_m2c: [-0.15309200, 0.98821002, 0.00172506, 0.75013798, 0.11734600, -0.65078700, -0.64331698, -0.09833600, -0.75925899]
  cam_t_m2c: [-61.54633476, -70.36428846, 883.78985202]
  obj_bb: [240, 140, 93, 115]
  obj_id: 15
94:
- cam_R_m2c: [0.24662000, 0.95579702, -0.16009200, 0.53975600, -0.27267101, -0.79643798, -0.80488598, 0.11000700, -0.58314401]
  cam_t_m2c: [-23.48989952, 82.93162997, 1039.28299245]
  obj_bb: [269, 247, 89, 95]
  obj_id: 15
95:
- cam_R_m2c: [0.19184400, 0.96955103, -0.15220900, 0.56156099, -0.23563500, -0.79317403, -0.80488801, 0.06669070, -0.58966702]
  cam_t_m2c: [1.34633455, 72.91219855, 981.55349943]
  obj_bb: [281, 241, 93, 100]
  obj_id: 15
96:
- cam_R_m2c: [-0.33955699, 0.93908900, -0.05303170, 0.66865999, 0.20135300, -0.71578699, -0.66150999, -0.27851099, -0.69630200]
  cam_t_m2c: [41.83696548, -53.35118216, 1038.57274866]
  obj_bb: [309, 162, 80, 103]
  obj_id: 15
97:
- cam_R_m2c: [-0.01890720, 0.99768299, -0.06535240, 0.75807601, -0.02831300, -0.65155202, -0.65189201, -0.06186110, -0.75578398]
  cam_t_m2c: [-36.42186483, -82.22865703, 1017.55461209]
  obj_bb: [265, 150, 82, 95]
  obj_id: 15
98:
- cam_R_m2c: [-0.04784660, 0.99667400, -0.06596870, 0.79644799, -0.00179019, -0.60470402, -0.60281098, -0.08147370, -0.79371297]
  cam_t_m2c: [-2.78543382, -85.57818914, 979.60594272]
  obj_bb: [283, 146, 84, 96]
  obj_id: 15
99:
- cam_R_m2c: [0.08009080, 0.96936202, -0.23221400, 0.78232098, -0.20549500, -0.58800203, -0.61770499, -0.13457200, -0.77481002]
  cam_t_m2c: [-16.58310011, -52.11142282, 877.57541510]
  obj_bb: [260, 163, 108, 102]
  obj_id: 15
100:
- cam_R_m2c: [0.55489600, 0.83189398, 0.00659891, 0.57013500, -0.37449500, -0.73123199, -0.60583597, 0.40952000, -0.68209702]
  cam_t_m2c: [-21.66627821, -66.39695800, 1039.04339150]
  obj_bb: [274, 164, 80, 97]
  obj_id: 15
101:
- cam_R_m2c: [0.25868800, 0.94903702, 0.18002699, 0.78681499, -0.09890600, -0.60921198, -0.56035900, 0.29924399, -0.77230197]
  cam_t_m2c: [69.28302575, -124.61762062, 901.32643176]
  obj_bb: [319, 111, 88, 107]
  obj_id: 15
102:
- cam_R_m2c: [0.33852300, 0.92805898, 0.15527099, 0.77725297, -0.18278700, -0.60205197, -0.53035802, 0.32449299, -0.78321397]
  cam_t_m2c: [53.92065836, -122.92395477, 875.11831978]
  obj_bb: [309, 110, 91, 110]
  obj_id: 15
103:
- cam_R_m2c: [0.42593300, 0.90057302, 0.08688090, 0.74466699, -0.29440999, -0.59899402, -0.51385999, 0.31982899, -0.79602599]
  cam_t_m2c: [42.17707727, -121.66155575, 850.22895417]
  obj_bb: [303, 109, 94, 114]
  obj_id: 15
104:
- cam_R_m2c: [0.57700902, 0.81673503, -0.00231775, 0.64935899, -0.46047801, -0.60522097, -0.49537200, 0.34771299, -0.79605401]
  cam_t_m2c: [-4.71858436, -113.72218682, 771.73849716]
  obj_bb: [270, 105, 105, 127]
  obj_id: 15
105:
- cam_R_m2c: [0.57972699, 0.81414002, -0.03306060, 0.60634398, -0.45815399, -0.64995497, -0.54430097, 0.35675001, -0.75925303]
  cam_t_m2c: [-3.37497362, -76.09835403, 686.02115902]
  obj_bb: [265, 118, 118, 144]
  obj_id: 15
106:
- cam_R_m2c: [0.41801500, 0.90625799, 0.06293600, 0.69923502, -0.27674901, -0.65915197, -0.57994401, 0.31954199, -0.74937201]
  cam_t_m2c: [71.63307778, -64.16250799, 690.69245885]
  obj_bb: [322, 124, 115, 143]
  obj_id: 15
107:
- cam_R_m2c: [0.05496490, 0.99204099, 0.11328700, 0.63143301, 0.05335610, -0.77359301, -0.77348000, 0.11405400, -0.62347400]
  cam_t_m2c: [80.68535663, -57.32917096, 782.62378701]
  obj_bb: [327, 132, 105, 135]
  obj_id: 15
108:
- cam_R_m2c: [-0.01781020, 0.98561901, 0.16804400, 0.66886199, 0.13667101, -0.73071599, -0.74317402, 0.09938400, -0.66167700]
  cam_t_m2c: [82.03958463, -91.69216563, 688.96104794]
  obj_bb: [325, 84, 120, 160]
  obj_id: 15
109:
- cam_R_m2c: [0.23575000, 0.97119099, -0.03478190, 0.74293000, -0.20318300, -0.63778698, -0.62647998, 0.12451800, -0.76942700]
  cam_t_m2c: [23.62154009, -116.66221588, 1026.32937817]
  obj_bb: [299, 134, 81, 94]
  obj_id: 15
110:
- cam_R_m2c: [0.05882290, 0.99566400, -0.07206980, 0.84499401, -0.08810160, -0.52746898, -0.53153199, -0.02987130, -0.84651202]
  cam_t_m2c: [79.47458853, -99.70722839, 752.92664502]
  obj_bb: [332, 109, 108, 120]
  obj_id: 15
111:
- cam_R_m2c: [-0.63565803, 0.75063002, -0.18026000, 0.73937601, 0.52485198, -0.42172599, -0.22195099, -0.40135401, -0.88862401]
  cam_t_m2c: [55.92673344, -61.45327470, 1017.74838996]
  obj_bb: [323, 158, 75, 102]
  obj_id: 15
112:
- cam_R_m2c: [-0.57597297, 0.80039102, -0.16622099, 0.78152102, 0.47950599, -0.39912301, -0.23975100, -0.35978901, -0.90170503]
  cam_t_m2c: [23.68097949, -46.28061168, 973.76698851]
  obj_bb: [304, 166, 79, 102]
  obj_id: 15
113:
- cam_R_m2c: [-0.26593399, 0.89219803, -0.36504999, 0.92554802, 0.13043800, -0.35545301, -0.26951700, -0.43239900, -0.86045998]
  cam_t_m2c: [37.96093277, 3.56915087, 857.11592837]
  obj_bb: [295, 204, 111, 89]
  obj_id: 15
114:
- cam_R_m2c: [-0.31715599, 0.87589502, -0.36362100, 0.91422600, 0.18041000, -0.36282799, -0.25219801, -0.44750500, -0.85798401]
  cam_t_m2c: [14.64940793, -15.25536509, 770.12237552]
  obj_bb: [274, 182, 125, 105]
  obj_id: 15
115:
- cam_R_m2c: [-0.42937300, 0.85427397, -0.29301101, 0.88755798, 0.33916199, -0.31178600, -0.16697200, -0.39393601, -0.90384400]
  cam_t_m2c: [-49.23302350, -103.71932982, 662.65119512]
  obj_bb: [212, 85, 144, 139]
  obj_id: 15
116:
- cam_R_m2c: [-0.42426401, 0.85405499, -0.30098301, 0.89079398, 0.33388999, -0.30822599, -0.16274700, -0.39888299, -0.90244401]
  cam_t_m2c: [-48.07345761, -106.34947433, 648.12494384]
  obj_bb: [210, 79, 148, 142]
  obj_id: 15
117:
- cam_R_m2c: [-0.33216700, 0.93586802, -0.11753900, 0.90961301, 0.28486699, -0.30241600, -0.24953900, -0.20736800, -0.94590098]
  cam_t_m2c: [22.14631739, -120.16628278, 981.26201169]
  obj_bb: [299, 129, 83, 90]
  obj_id: 15
118:
- cam_R_m2c: [-0.13607700, 0.94404900, -0.30042499, 0.91902900, 0.00704735, -0.39412799, -0.36995900, -0.32973099, -0.86856699]
  cam_t_m2c: [-12.76571886, 6.74458637, 772.57582401]
  obj_bb: [252, 204, 125, 95]
  obj_id: 15
119:
- cam_R_m2c: [-0.09079900, 0.93378800, -0.34611401, 0.94382203, -0.03019770, -0.32907099, -0.31773499, -0.35655001, -0.87858802]
  cam_t_m2c: [-17.01745708, -32.78288892, 677.79354896]
  obj_bb: [234, 168, 149, 103]
  obj_id: 15
120:
- cam_R_m2c: [-0.19425100, 0.98057199, -0.02729450, 0.97714698, 0.19097400, -0.09334450, -0.08631840, -0.04480300, -0.99526000]
  cam_t_m2c: [-36.69911275, -166.80666417, 990.80980019]
  obj_bb: [264, 112, 83, 73]
  obj_id: 15
121:
- cam_R_m2c: [-0.17051700, 0.98321903, -0.06484320, 0.98461002, 0.16745999, -0.05001330, -0.03831540, -0.07237340, -0.99664098]
  cam_t_m2c: [-26.57347086, -185.56306652, 948.83684167]
  obj_bb: [266, 97, 88, 73]
  obj_id: 15
122:
- cam_R_m2c: [-0.17254800, 0.97910500, -0.10761500, 0.98080897, 0.16071700, -0.11037700, -0.09077470, -0.12459500, -0.98804700]
  cam_t_m2c: [-21.50973119, -145.05509316, 851.23669050]
  obj_bb: [261, 106, 101, 84]
  obj_id: 15
123:
- cam_R_m2c: [-0.08758580, 0.98695701, -0.13507000, 0.94400698, 0.03893780, -0.32762000, -0.31808800, -0.15620200, -0.93510503]
  cam_t_m2c: [-89.72153983, -44.55311020, 667.01705162]
  obj_bb: [174, 151, 142, 112]
  obj_id: 15
124:
- cam_R_m2c: [-0.65840000, 0.73339701, -0.16923200, 0.60313600, 0.37958100, -0.70153099, -0.45026299, -0.56395698, -0.69225401]
  cam_t_m2c: [96.63685669, -6.39717085, 1033.62991539]
  obj_bb: [344, 186, 76, 108]
  obj_id: 15
125:
- cam_R_m2c: [-0.62405401, 0.76136798, -0.17571200, 0.61833298, 0.34370199, -0.70677698, -0.47772500, -0.54971600, -0.68526697]
  cam_t_m2c: [71.62155875, 4.65730064, 985.53216509]
  obj_bb: [331, 190, 80, 113]
  obj_id: 15
126:
- cam_R_m2c: [-0.48574901, 0.80236000, -0.34679499, 0.72668099, 0.15019301, -0.67035598, -0.48578000, -0.57763398, -0.65601599]
  cam_t_m2c: [76.10752931, 13.74173660, 880.84641720]
  obj_bb: [327, 197, 102, 114]
  obj_id: 15
127:
- cam_R_m2c: [-0.24064299, 0.85410500, -0.46108100, 0.85324502, -0.04029110, -0.51995200, -0.46267101, -0.51853800, -0.71906501]
  cam_t_m2c: [-11.17554697, -37.19422284, 782.34663815]
  obj_bb: [251, 166, 133, 107]
  obj_id: 15
128:
- cam_R_m2c: [-0.73885298, 0.64720398, -0.18767899, 0.58780700, 0.48280400, -0.64914101, -0.32951400, -0.58993798, -0.73715198]
  cam_t_m2c: [57.46434475, -80.11312917, 1033.72012144]
  obj_bb: [326, 143, 72, 111]
  obj_id: 15
129:
- cam_R_m2c: [-0.73846799, 0.64713299, -0.18943100, 0.59281701, 0.48922899, -0.63970500, -0.32130000, -0.58469898, -0.74491102]
  cam_t_m2c: [43.75998013, -84.26093478, 978.88584652]
  obj_bb: [319, 135, 75, 117]
  obj_id: 15
130:
- cam_R_m2c: [-0.80586398, 0.58501703, -0.09132020, 0.50590003, 0.60016602, -0.61957002, -0.30765101, -0.54548699, -0.77961200]
  cam_t_m2c: [48.15485173, -107.94614556, 873.08471565]
  obj_bb: [318, 103, 82, 136]
  obj_id: 15
131:
- cam_R_m2c: [-0.84336603, 0.53322202, -0.06639630, 0.46263200, 0.65769202, -0.59448600, -0.27332500, -0.53208601, -0.80136001]
  cam_t_m2c: [74.80501192, -106.21092986, 801.47480286]
  obj_bb: [335, 90, 88, 150]
  obj_id: 15
132:
- cam_R_m2c: [-0.62392902, 0.74709600, -0.22926000, 0.72971100, 0.45196101, -0.51308203, -0.27970499, -0.48741999, -0.82715601]
  cam_t_m2c: [-5.06772757, -61.05769958, 732.13574729]
  obj_bb: [272, 122, 111, 147]
  obj_id: 15
133:
- cam_R_m2c: [-0.83274603, 0.54310298, -0.10758000, 0.51067501, 0.67839497, -0.52819699, -0.21388400, -0.49479201, -0.84227997]
  cam_t_m2c: [-34.20170950, -93.13741436, 1027.14648338]
  obj_bb: [278, 134, 66, 113]
  obj_id: 15
134:
- cam_R_m2c: [-0.82371598, 0.55667400, -0.10773100, 0.52152699, 0.66929400, -0.52920300, -0.22248900, -0.49209800, -0.84162802]
  cam_t_m2c: [-48.20606344, -91.17257038, 978.40359282]
  obj_bb: [268, 130, 70, 118]
  obj_id: 15
135:
- cam_R_m2c: [-0.84153998, 0.53533202, -0.07232520, 0.49475500, 0.71006101, -0.50102901, -0.21686199, -0.45741901, -0.86240298]
  cam_t_m2c: [-45.22839901, -111.07464655, 868.81251750]
  obj_bb: [262, 101, 77, 134]
  obj_id: 15
136:
- cam_R_m2c: [-0.71362603, 0.69262201, -0.10493900, 0.64750201, 0.59499598, -0.47615299, -0.26735601, -0.40774301, -0.87307900]
  cam_t_m2c: [-130.86132117, -71.77588080, 760.26790635]
  obj_bb: [184, 115, 101, 146]
  obj_id: 15
137:
- cam_R_m2c: [-0.62690997, 0.75920802, -0.17489500, 0.72141701, 0.48091999, -0.49827099, -0.29418099, -0.43854299, -0.84919798]
  cam_t_m2c: [-40.20037782, -54.37178303, 894.73433059]
  obj_bb: [261, 149, 88, 119]
  obj_id: 15
138:
- cam_R_m2c: [-0.59635800, 0.79246300, -0.12790500, 0.59390700, 0.32839400, -0.73446101, -0.54002899, -0.51396602, -0.66648901]
  cam_t_m2c: [15.68857189, -9.46418526, 1037.55349597]
  obj_bb: [300, 184, 75, 108]
  obj_id: 15
139:
- cam_R_m2c: [-0.32886800, 0.86387199, -0.38153699, 0.83991599, 0.08286270, -0.53635299, -0.43172500, -0.49684900, -0.75283098]
  cam_t_m2c: [-34.81488812, -49.15816620, 687.13105988]
  obj_bb: [225, 138, 145, 132]
  obj_id: 15
140:
- cam_R_m2c: [-0.51758701, 0.81369799, -0.26457199, 0.76549101, 0.30222201, -0.56805402, -0.38226500, -0.49654499, -0.77930498]
  cam_t_m2c: [-47.71078415, -117.36081758, 663.40527336]
  obj_bb: [222, 61, 134, 161]
  obj_id: 15
141:
- cam_R_m2c: [0.73376399, 0.67916799, 0.01793580, 0.48607400, -0.50633800, -0.71228802, -0.47468099, 0.53136897, -0.70165801]
  cam_t_m2c: [-74.52994538, -48.62412709, 1028.85359879]
  obj_bb: [246, 177, 78, 96]
  obj_id: 15
142:
- cam_R_m2c: [0.71160197, 0.70239502, 0.01621990, 0.50307798, -0.49328500, -0.70963597, -0.49044400, 0.51313800, -0.70438200]
  cam_t_m2c: [-52.94288963, -46.59117900, 990.42973079]
  obj_bb: [255, 175, 81, 100]
  obj_id: 15
143:
- cam_R_m2c: [0.45937899, 0.87345999, 0.16136301, 0.71934903, -0.25927201, -0.64445001, -0.52106398, 0.41212299, -0.74742597]
  cam_t_m2c: [48.56292477, -60.70230383, 886.74409481]
  obj_bb: [306, 155, 89, 108]
  obj_id: 15
144:
- cam_R_m2c: [0.47731099, 0.87667400, 0.06013360, 0.77404600, -0.38706699, -0.50103098, -0.41596499, 0.28569400, -0.86333799]
  cam_t_m2c: [78.61160041, -13.13742552, 1022.53640256]
  obj_bb: [327, 204, 78, 81]
  obj_id: 15
145:
- cam_R_m2c: [0.02227850, 0.99598801, 0.08666950, 0.91191900, 0.01528710, -0.41008601, -0.40976599, 0.08817160, -0.90792000]
  cam_t_m2c: [107.60012913, -44.39248128, 767.82506684]
  obj_bb: [347, 159, 106, 104]
  obj_id: 15
146:
- cam_R_m2c: [0.76161599, 0.64718002, -0.03314580, 0.40003899, -0.50978398, -0.76163602, -0.50981301, 0.56681502, -0.64715701]
  cam_t_m2c: [-19.79857120, -12.84427316, 1028.82569671]
  obj_bb: [277, 197, 77, 97]
  obj_id: 15
147:
- cam_R_m2c: [0.76669103, 0.63810098, -0.07079810, 0.41700900, -0.57879603, -0.70078403, -0.48814899, 0.50776100, -0.70985198]
  cam_t_m2c: [42.52786090, -89.76951759, 990.76354899]
  obj_bb: [312, 151, 78, 100]
  obj_id: 15
148:
- cam_R_m2c: [-0.19862001, 0.98006099, 0.00549603, 0.61627603, 0.12925200, -0.77685201, -0.76207203, -0.15091200, -0.62966001]
  cam_t_m2c: [180.17986005, -104.46074659, 1030.94507679]
  obj_bb: [382, 132, 83, 105]
  obj_id: 15
149:
- cam_R_m2c: [-0.20383900, 0.97885197, 0.01725190, 0.61160898, 0.14108300, -0.77847898, -0.76445001, -0.14813299, -0.62743300]
  cam_t_m2c: [180.04623354, -96.38665916, 1016.97980817]
  obj_bb: [382, 134, 84, 107]
  obj_id: 15
150:
- cam_R_m2c: [-0.22712199, 0.97333801, 0.03207410, 0.61199600, 0.16826899, -0.77275300, -0.75754702, -0.15588000, -0.63389701]
  cam_t_m2c: [189.40378184, -90.81512807, 980.89404705]
  obj_bb: [389, 133, 87, 112]
  obj_id: 15
151:
- cam_R_m2c: [-0.35210299, 0.90612203, 0.23444800, 0.59810698, 0.41050300, -0.68829900, -0.71992499, -0.10212700, -0.68649697]
  cam_t_m2c: [176.92272163, -64.19332829, 868.97746929]
  obj_bb: [381, 133, 101, 133]
  obj_id: 15
152:
- cam_R_m2c: [-0.32449201, 0.86039299, 0.39297399, 0.59774601, 0.50850999, -0.61977202, -0.73307902, 0.03378730, -0.67930400]
  cam_t_m2c: [90.35092812, -57.73474753, 782.45598250]
  obj_bb: [321, 124, 110, 149]
  obj_id: 15
153:
- cam_R_m2c: [-0.42231700, 0.90635300, -0.01309800, 0.53616101, 0.23812200, -0.80983198, -0.73087502, -0.34902900, -0.58651501]
  cam_t_m2c: [43.39145765, -128.35521341, 1039.86639037]
  obj_bb: [308, 117, 81, 109]
  obj_id: 15
154:
- cam_R_m2c: [-0.42388701, 0.90536702, 0.02511970, 0.50895399, 0.26104701, -0.82025599, -0.74918997, -0.33491099, -0.57144397]
  cam_t_m2c: [20.46868937, -102.37025782, 1002.09072195]
  obj_bb: [294, 126, 84, 115]
  obj_id: 15
155:
- cam_R_m2c: [-0.50665802, 0.85339302, 0.12254600, 0.44911000, 0.38258100, -0.80742300, -0.73593402, -0.35405001, -0.57710499]
  cam_t_m2c: [53.78315131, -86.14173548, 901.11034405]
  obj_bb: [307, 121, 95, 132]
  obj_id: 15
156:
- cam_R_m2c: [-0.50304300, 0.84046102, 0.20142800, 0.44518301, 0.45174900, -0.77313298, -0.74078298, -0.29924700, -0.60140800]
  cam_t_m2c: [29.91200504, -99.41080343, 845.89825496]
  obj_bb: [288, 102, 101, 143]
  obj_id: 15
157:
- cam_R_m2c: [-0.50002998, 0.82497603, 0.26340899, 0.41585699, 0.49553901, -0.76256400, -0.75962698, -0.27176499, -0.59085602]
  cam_t_m2c: [19.62727854, -82.83718298, 791.98715422]
  obj_bb: [276, 104, 108, 154]
  obj_id: 15
158:
- cam_R_m2c: [-0.48927799, 0.80677402, 0.33124399, 0.42537701, 0.55233002, -0.71692801, -0.76135498, -0.20987301, -0.61342603]
  cam_t_m2c: [-12.08722413, -85.91772232, 685.15485337]
  obj_bb: [241, 79, 124, 179]
  obj_id: 15
159:
- cam_R_m2c: [-0.24418101, 0.96297097, 0.11429400, 0.59336299, 0.24159200, -0.76782399, -0.76700503, -0.11967000, -0.63038301]
  cam_t_m2c: [8.75164613, -90.67312829, 1041.10910991]
  obj_bb: [286, 138, 82, 108]
  obj_id: 15
160:
- cam_R_m2c: [-0.25240800, 0.96138102, 0.10971300, 0.56045800, 0.23768300, -0.79334301, -0.78878200, -0.13875701, -0.59880698]
  cam_t_m2c: [17.31030844, -30.38776642, 999.57327730]
  obj_bb: [289, 169, 86, 112]
  obj_id: 15
161:
- cam_R_m2c: [-0.37806201, 0.91302198, 0.15316799, 0.50515902, 0.34209600, -0.79232901, -0.77581102, -0.22217500, -0.59055501]
  cam_t_m2c: [69.37902996, -13.16889665, 889.87810823]
  obj_bb: [315, 169, 98, 130]
  obj_id: 15
162:
- cam_R_m2c: [-0.40885401, 0.86580998, 0.28846499, 0.54507601, 0.48519501, -0.68372399, -0.73193699, -0.12230800, -0.67030603]
  cam_t_m2c: [16.75417981, -97.09640369, 755.99140520]
  obj_bb: [270, 87, 114, 159]
  obj_id: 15
163:
- cam_R_m2c: [-0.32267699, 0.93786001, 0.12766300, 0.61725903, 0.31075901, -0.72278702, -0.71754497, -0.15442599, -0.67917699]
  cam_t_m2c: [-1.85969486, -86.20619571, 674.74902999]
  obj_bb: [256, 81, 126, 172]
  obj_id: 15
164:
- cam_R_m2c: [-0.25759301, 0.96558702, 0.03588200, 0.62289202, 0.19433101, -0.75778699, -0.73868197, -0.17285000, -0.65151501]
  cam_t_m2c: [-1.92529980, -64.00493522, 701.16650629]
  obj_bb: [263, 110, 119, 158]
  obj_id: 15
165:
- cam_R_m2c: [-0.38415501, 0.92040098, 0.07271430, 0.53573197, 0.28635800, -0.79434901, -0.75194198, -0.26619700, -0.60309398]
  cam_t_m2c: [-27.31995836, -90.92204719, 971.98581836]
  obj_bb: [264, 129, 87, 118]
  obj_id: 15
166:
- cam_R_m2c: [-0.32666200, 0.94090003, 0.08943470, 0.54129702, 0.26381499, -0.79837298, -0.77478403, -0.21238799, -0.59548402]
  cam_t_m2c: [-48.27460662, -88.62620817, 1007.44885330]
  obj_bb: [254, 135, 84, 113]
  obj_id: 15
167:
- cam_R_m2c: [-0.02937910, 0.99912900, -0.02963210, 0.41723499, -0.01468090, -0.90868002, -0.90832400, -0.03905970, -0.41644001]
  cam_t_m2c: [-93.26917450, 13.36234504, 1051.33080124]
  obj_bb: [236, 200, 79, 100]
  obj_id: 15
168:
- cam_R_m2c: [-0.13041000, 0.99145103, -0.00425233, 0.45050800, 0.05543550, -0.89104903, -0.88319600, -0.11811700, -0.45388600]
  cam_t_m2c: [-46.72263902, -14.44517378, 1003.10136635]
  obj_bb: [257, 180, 83, 107]
  obj_id: 15
169:
- cam_R_m2c: [-0.23815900, 0.96028799, 0.14535201, 0.46890000, 0.24474700, -0.84866500, -0.85053700, -0.13396201, -0.50856799]
  cam_t_m2c: [-9.55211646, -70.39231575, 892.08579752]
  obj_bb: [266, 132, 97, 129]
  obj_id: 15
170:
- cam_R_m2c: [-0.29150099, 0.94259101, 0.16294000, 0.45405599, 0.28627101, -0.84373099, -0.84193802, -0.17196500, -0.51143801]
  cam_t_m2c: [22.77266976, -54.07141973, 804.60637877]
  obj_bb: [282, 130, 108, 145]
  obj_id: 15
171:
- cam_R_m2c: [-0.36955899, 0.90324801, 0.21810199, 0.57140797, 0.40600100, -0.71320099, -0.73274702, -0.13894500, -0.66616499]
  cam_t_m2c: [41.38201492, -147.12368431, 641.73702521]
  obj_bb: [285, 12, 134, 190]
  obj_id: 15
172:
- cam_R_m2c: [-0.50092202, 0.86025703, 0.09505220, 0.40066901, 0.32784000, -0.85556197, -0.76716501, -0.39048499, -0.50889999]
  cam_t_m2c: [-37.14468725, -42.28160139, 1053.67389766]
  obj_bb: [263, 163, 79, 112]
  obj_id: 15
173:
- cam_R_m2c: [-0.68309498, 0.72460300, 0.09127700, 0.38012999, 0.45947301, -0.80273598, -0.62360501, -0.51364797, -0.58930701]
