0:
- cam_R_m2c: [0.98378801, -0.04328500, -0.17403300, -0.16262101, -0.62442100, -0.76397198, -0.07560160, 0.77988797, -0.62133700]
  cam_t_m2c: [61.25955137, -91.60362203, 1032.82310720]
  obj_bb: [329, 140, 63, 106]
  obj_id: 5
1:
- cam_R_m2c: [0.98310202, -0.04720390, -0.17686699, -0.16768600, -0.61976397, -0.76666403, -0.07342630, 0.78336698, -0.61720699]
  cam_t_m2c: [55.44819932, -81.89323636, 1025.71399065]
  obj_bb: [325, 145, 64, 106]
  obj_id: 5
2:
- cam_R_m2c: [0.98965299, -0.01902220, -0.14221600, -0.11826800, -0.66934502, -0.73347801, -0.08123890, 0.74270803, -0.66466898]
  cam_t_m2c: [56.12266093, -99.20049476, 996.58273972]
  obj_bb: [327, 132, 63, 109]
  obj_id: 5
3:
- cam_R_m2c: [0.89190203, -0.15025499, -0.42653799, -0.43599001, -0.53618598, -0.72278500, -0.12010200, 0.83061898, -0.54373503]
  cam_t_m2c: [95.66108458, -130.69608472, 1026.97402570]
  obj_bb: [340, 118, 81, 106]
  obj_id: 5
4:
- cam_R_m2c: [0.84067202, -0.34049699, -0.42110801, -0.53355902, -0.65382397, -0.53649700, -0.09265490, 0.67570400, -0.73132700]
  cam_t_m2c: [95.54129377, -88.67807198, 1005.50530626]
  obj_bb: [341, 146, 80, 95]
  obj_id: 5
5:
- cam_R_m2c: [0.89196098, -0.38991901, -0.22884300, -0.44909701, -0.82249999, -0.34900799, -0.05213840, 0.41407400, -0.90874898]
  cam_t_m2c: [37.21960338, -133.90941050, 1004.80776959]
  obj_bb: [312, 125, 68, 85]
  obj_id: 5
6:
- cam_R_m2c: [0.88286602, -0.38848299, -0.26387101, -0.46394300, -0.80862600, -0.36177501, -0.07282990, 0.44182000, -0.89414299]
  cam_t_m2c: [45.41140454, -95.01090895, 960.79730674]
  obj_bb: [316, 144, 73, 88]
  obj_id: 5
7:
- cam_R_m2c: [0.88227397, -0.40019900, -0.24785900, -0.46623799, -0.81552202, -0.34284899, -0.06492700, 0.41804799, -0.90610200]
  cam_t_m2c: [29.76483327, -85.29934250, 964.23504449]
  obj_bb: [306, 149, 73, 90]
  obj_id: 5
8:
- cam_R_m2c: [0.88714898, -0.39393201, -0.24038200, -0.45633399, -0.82643700, -0.32979101, -0.06874500, 0.40226799, -0.91293699]
  cam_t_m2c: [25.87033825, -84.50975474, 967.99499324]
  obj_bb: [304, 149, 73, 91]
  obj_id: 5
9:
- cam_R_m2c: [0.89800698, -0.40781000, -0.16514900, -0.43749899, -0.86746502, -0.23685300, -0.04666980, 0.28494900, -0.95740598]
  cam_t_m2c: [3.54503060, -79.49521280, 974.94493664]
  obj_bb: [293, 150, 68, 95]
  obj_id: 5
10:
- cam_R_m2c: [0.98679900, -0.16083901, 0.01895790, -0.15831000, -0.98266000, -0.09652530, 0.03415410, 0.09224980, -0.99515003]
  cam_t_m2c: [-46.11048817, -71.30471751, 986.49721530]
  obj_bb: [269, 150, 58, 103]
  obj_id: 5
11:
- cam_R_m2c: [0.98955500, -0.14232400, 0.02289420, -0.14077801, -0.98828602, -0.05892940, 0.03101300, 0.05509090, -0.99800003]
  cam_t_m2c: [-50.03455685, -56.79919118, 987.61224117]
  obj_bb: [266, 158, 59, 104]
  obj_id: 5
12:
- cam_R_m2c: [0.99237400, -0.12089800, 0.02402360, -0.12083100, -0.99266398, -0.00421721, 0.02435730, 0.00128224, -0.99970198]
  cam_t_m2c: [-58.87017401, -63.86570433, 982.46016448]
  obj_bb: [261, 153, 59, 105]
  obj_id: 5
13:
- cam_R_m2c: [0.87521201, -0.46393400, -0.13700099, -0.41494599, -0.57443601, -0.70558000, 0.24864399, 0.67438000, -0.69526100]
  cam_t_m2c: [-23.90072492, -25.82500806, 1028.47568588]
  obj_bb: [280, 179, 64, 101]
  obj_id: 5
14:
- cam_R_m2c: [0.87298203, -0.46583900, -0.14455900, -0.41241300, -0.54673302, -0.72869700, 0.26041999, 0.69575697, -0.66940600]
  cam_t_m2c: [-19.33239978, -5.83921614, 1018.39169741]
  obj_bb: [282, 190, 64, 102]
  obj_id: 5
15:
- cam_R_m2c: [0.86632901, -0.47281399, -0.16100299, -0.42517501, -0.52893603, -0.73447502, 0.26210999, 0.70475101, -0.65925997]
  cam_t_m2c: [-8.33603647, -1.05766768, 994.91112693]
  obj_bb: [287, 191, 67, 105]
  obj_id: 5
16:
- cam_R_m2c: [0.68177801, -0.55896199, -0.47195300, -0.70254600, -0.32038301, -0.63543999, 0.20398100, 0.76479799, -0.61112702]
  cam_t_m2c: [11.83402210, -63.52923642, 985.95994745]
  obj_bb: [289, 156, 89, 104]
  obj_id: 5
17:
- cam_R_m2c: [0.66774899, -0.56374699, -0.48610801, -0.71148503, -0.29135200, -0.63945597, 0.21886300, 0.77285397, -0.59564698]
  cam_t_m2c: [0.74051099, -54.93471428, 990.75541535]
  obj_bb: [282, 161, 90, 104]
  obj_id: 5
18:
- cam_R_m2c: [0.64511198, -0.48661700, -0.58909702, -0.74371201, -0.22302499, -0.63020003, 0.17528200, 0.84466797, -0.50577903]
  cam_t_m2c: [27.02833733, -55.00523306, 990.05129659]
  obj_bb: [295, 162, 97, 103]
  obj_id: 5
19:
- cam_R_m2c: [0.64263499, -0.38773400, -0.66082001, -0.75340003, -0.16296600, -0.63704801, 0.13931400, 0.90725100, -0.39684600]
  cam_t_m2c: [90.36528132, -33.75793027, 1002.49686836]
  obj_bb: [330, 176, 100, 101]
  obj_id: 5
20:
- cam_R_m2c: [0.63919598, -0.35632399, -0.68151402, -0.75851703, -0.14597900, -0.63509297, 0.12681200, 0.92288899, -0.36358699]
  cam_t_m2c: [109.45826069, -30.87794971, 994.89367790]
  obj_bb: [341, 178, 101, 101]
  obj_id: 5
21:
- cam_R_m2c: [0.59334099, -0.55668598, -0.58141798, -0.75261003, -0.12745100, -0.64601398, 0.28552499, 0.82088798, -0.49458900]
  cam_t_m2c: [5.73489054, -7.62317624, 981.35307641]
  obj_bb: [282, 190, 98, 103]
  obj_id: 5
22:
- cam_R_m2c: [0.68815100, -0.18178201, -0.70242602, -0.72499299, -0.21076401, -0.65571600, -0.02884920, 0.96048599, -0.27682799]
  cam_t_m2c: [133.12536525, -68.72658820, 973.29176288]
  obj_bb: [354, 153, 106, 106]
  obj_id: 5
23:
- cam_R_m2c: [0.72288501, -0.18174200, -0.66663897, -0.69083798, -0.20885199, -0.69218701, -0.01342930, 0.96091098, -0.27653000]
  cam_t_m2c: [139.65645343, -53.13066719, 1006.01677525]
  obj_bb: [358, 164, 101, 104]
  obj_id: 5
24:
- cam_R_m2c: [0.76602298, -0.18642101, -0.61518800, -0.64239800, -0.25640899, -0.72220498, -0.02310540, 0.94842100, -0.31617099]
  cam_t_m2c: [157.57757498, -72.55077016, 1028.95062398]
  obj_bb: [369, 153, 94, 104]
  obj_id: 5
25:
- cam_R_m2c: [0.97489399, 0.18697000, -0.12093100, -0.05876810, -0.30779400, -0.94963598, -0.21477500, 0.93290102, -0.28907901]
  cam_t_m2c: [243.58886195, -43.55001542, 988.00239461]
  obj_bb: [437, 160, 61, 117]
  obj_id: 5
26:
- cam_R_m2c: [0.98165500, 0.12222200, -0.14633700, -0.09776510, -0.33626300, -0.93668002, -0.16369100, 0.93380302, -0.31814599]
  cam_t_m2c: [159.68850470, -79.95504081, 1017.06872839]
  obj_bb: [386, 141, 62, 114]
  obj_id: 5
27:
- cam_R_m2c: [0.97275001, 0.16088800, -0.16694900, -0.10209400, -0.34926200, -0.93144703, -0.20816700, 0.92310899, -0.32331899]
  cam_t_m2c: [146.96591456, -81.76944601, 1047.40074966]
  obj_bb: [377, 144, 62, 110]
  obj_id: 5
28:
- cam_R_m2c: [0.96123898, 0.19734900, -0.19254500, -0.08505590, -0.45203301, -0.88793701, -0.26227000, 0.86989599, -0.41772601]
  cam_t_m2c: [171.48308989, -70.61532766, 1036.40374362]
  obj_bb: [391, 149, 62, 111]
  obj_id: 5
29:
- cam_R_m2c: [0.97517300, 0.12292700, -0.18419001, -0.11559400, -0.42687500, -0.89689201, -0.18887900, 0.89591700, -0.40206799]
  cam_t_m2c: [154.61562889, -44.29832153, 992.22899351]
  obj_bb: [384, 161, 65, 115]
  obj_id: 5
30:
- cam_R_m2c: [0.97441399, 0.18984599, -0.12032000, -0.05444360, -0.32001400, -0.94584697, -0.21806900, 0.92819703, -0.30149001]
  cam_t_m2c: [121.14949491, -113.72310242, 1030.73827876]
  obj_bb: [365, 124, 59, 112]
  obj_id: 5
31:
- cam_R_m2c: [0.98958302, 0.00242218, -0.14394400, -0.13341901, -0.36020601, -0.92328298, -0.05408600, 0.93286997, -0.35613099]
  cam_t_m2c: [27.20446547, -113.60676558, 998.51487396]
  obj_bb: [310, 120, 65, 116]
  obj_id: 5
32:
- cam_R_m2c: [0.96413100, -0.25763300, -0.06384360, -0.15451901, -0.34922200, -0.92421198, 0.21581200, 0.90092701, -0.37650499]
  cam_t_m2c: [-46.65950675, -158.38797689, 1008.81186838]
  obj_bb: [269, 95, 60, 116]
  obj_id: 5
33:
- cam_R_m2c: [0.98791701, -0.15409000, -0.01663210, -0.05370030, -0.23965700, -0.96937102, 0.14538400, 0.95855099, -0.24503601]
  cam_t_m2c: [-3.04627443, -37.37131958, 1025.59930619]
  obj_bb: [296, 166, 55, 113]
  obj_id: 5
34:
- cam_R_m2c: [0.95014101, -0.31109101, 0.02130650, -0.09021410, -0.33965501, -0.93621403, 0.29848400, 0.88761300, -0.35078499]
  cam_t_m2c: [35.46288019, -13.45991086, 1048.60580081]
  obj_bb: [315, 181, 56, 111]
  obj_id: 5
35:
- cam_R_m2c: [0.93245500, -0.35962701, 0.03457370, -0.13420500, -0.43363401, -0.89103901, 0.33543399, 0.82621402, -0.45260799]
  cam_t_m2c: [24.28400758, -59.31678807, 1043.16972450]
  obj_bb: [309, 156, 56, 110]
  obj_id: 5
36:
- cam_R_m2c: [0.95007801, -0.19893400, 0.24037100, 0.06899650, -0.61736101, -0.78364801, 0.30428901, 0.76111102, -0.57281500]
  cam_t_m2c: [98.82714368, -43.14007935, 1018.33544420]
  obj_bb: [339, 166, 75, 107]
  obj_id: 5
37:
- cam_R_m2c: [0.93237603, -0.31478599, 0.17771900, -0.11366200, -0.72198498, -0.68250901, 0.34315500, 0.61615598, -0.70894098]
  cam_t_m2c: [54.94500902, -130.92163773, 1007.70701727]
  obj_bb: [318, 116, 69, 106]
  obj_id: 5
38:
- cam_R_m2c: [0.91490501, -0.38788301, 0.11178700, -0.26263201, -0.78226900, -0.56487101, 0.30655101, 0.48744401, -0.81757200]
  cam_t_m2c: [-32.47037417, -115.71688811, 989.24109937]
  obj_bb: [274, 127, 60, 100]
  obj_id: 5
39:
- cam_R_m2c: [0.99864697, 0.01674160, 0.04922330, 0.04118060, -0.83263701, -0.55228502, 0.03173900, 0.55356503, -0.83220100]
  cam_t_m2c: [200.51362467, -38.23296815, 956.21782700]
  obj_bb: [406, 174, 75, 95]
  obj_id: 5
40:
- cam_R_m2c: [0.99412501, 0.07333390, 0.07960450, 0.09941180, -0.90951002, -0.40361899, 0.04280220, 0.40916100, -0.91145802]
  cam_t_m2c: [156.27481908, -78.48893673, 951.00154027]
  obj_bb: [380, 150, 76, 95]
  obj_id: 5
41:
- cam_R_m2c: [0.99434102, 0.07241620, 0.07772840, 0.09728950, -0.91459900, -0.39248300, 0.04266820, 0.39782500, -0.91646898]
  cam_t_m2c: [149.90505552, -72.35772561, 953.49527105]
  obj_bb: [377, 154, 75, 95]
  obj_id: 5
42:
- cam_R_m2c: [0.98749000, -0.11253100, 0.11045800, -0.06324720, -0.92434800, -0.37627101, 0.14444400, 0.36457801, -0.91990203]
  cam_t_m2c: [131.65228269, -49.31173232, 956.87760851]
  obj_bb: [364, 166, 76, 98]
  obj_id: 5
43:
- cam_R_m2c: [0.97917002, -0.17394701, 0.10473300, -0.12491100, -0.92271399, -0.36468500, 0.16007499, 0.34400600, -0.92522198]
  cam_t_m2c: [164.29623699, -52.47565267, 949.36555084]
  obj_bb: [383, 163, 78, 99]
  obj_id: 5
44:
- cam_R_m2c: [0.97690701, -0.19229700, 0.09313800, -0.14840300, -0.92426699, -0.35172099, 0.15371899, 0.32977700, -0.93146002]
  cam_t_m2c: [146.99461342, -58.92390469, 956.99118261]
  obj_bb: [373, 160, 75, 99]
  obj_id: 5
45:
- cam_R_m2c: [0.97012699, -0.21335700, 0.11546400, -0.17258400, -0.94145799, -0.28960699, 0.17049401, 0.26102901, -0.95015597]
  cam_t_m2c: [68.86020020, -34.27057926, 980.66894850]
  obj_bb: [329, 174, 69, 100]
  obj_id: 5
46:
- cam_R_m2c: [0.90175802, -0.42365599, 0.08571850, -0.33594400, -0.81172502, -0.47775000, 0.27198100, 0.40201801, -0.87430400]
  cam_t_m2c: [83.67765479, -6.64472072, 987.92894467]
  obj_bb: [338, 197, 67, 88]
  obj_id: 5
47:
- cam_R_m2c: [0.87479198, -0.48329100, 0.03419740, -0.38142800, -0.73049599, -0.56647003, 0.29875100, 0.48249900, -0.82337302]
  cam_t_m2c: [120.36701880, -8.25594208, 961.04406191]
  obj_bb: [360, 191, 73, 96]
  obj_id: 5
48:
- cam_R_m2c: [0.81145298, -0.57788700, -0.08712820, -0.46219501, -0.54333699, -0.70082903, 0.35765901, 0.60895997, -0.70798898]
  cam_t_m2c: [150.11352203, 42.78163244, 948.96278516]
  obj_bb: [382, 217, 76, 106]
  obj_id: 5
49:
- cam_R_m2c: [0.66544503, -0.74401802, 0.06017580, -0.50212502, -0.50582898, -0.70143300, 0.55231702, 0.43654901, -0.71019101]
  cam_t_m2c: [-81.05248036, -42.94175316, 982.25964896]
  obj_bb: [243, 166, 76, 107]
  obj_id: 5
50:
- cam_R_m2c: [0.66895002, -0.74326801, -0.00763586, -0.56614298, -0.50282502, -0.65318400, 0.48165101, 0.44126999, -0.75716102]
  cam_t_m2c: [20.42584166, -116.58747903, 994.59028969]
  obj_bb: [300, 123, 80, 107]
  obj_id: 5
51:
- cam_R_m2c: [0.64829099, -0.75472301, -0.10056100, -0.56134099, -0.38453600, -0.73282200, 0.51440799, 0.53153098, -0.67294800]
  cam_t_m2c: [49.97352932, -86.28316999, 996.61336939]
  obj_bb: [317, 140, 81, 110]
  obj_id: 5
52:
- cam_R_m2c: [0.73202902, -0.64882201, -0.20775600, -0.54150802, -0.36908799, -0.75534302, 0.41340300, 0.66543502, -0.62152600]
  cam_t_m2c: [153.88490178, -66.60195319, 969.41305559]
  obj_bb: [380, 148, 81, 114]
  obj_id: 5
53:
- cam_R_m2c: [0.73790997, -0.65944302, -0.14361000, -0.49562699, -0.38506100, -0.77851301, 0.45808601, 0.64564902, -0.61097801]
  cam_t_m2c: [175.35705017, -90.39251794, 983.43451845]
  obj_bb: [390, 135, 83, 113]
  obj_id: 5
54:
- cam_R_m2c: [0.71247101, -0.67718399, -0.18386900, -0.50756103, -0.31640801, -0.80141598, 0.48452801, 0.66430998, -0.56914300]
  cam_t_m2c: [176.44254296, -80.86580695, 968.02929798]
  obj_bb: [391, 138, 86, 117]
  obj_id: 5
55:
- cam_R_m2c: [0.69198298, -0.70653898, -0.14819700, -0.40540999, -0.21047001, -0.88957602, 0.59732902, 0.67565203, -0.43207899]
  cam_t_m2c: [150.43516925, -24.61500634, 992.58093257]
  obj_bb: [374, 173, 84, 116]
  obj_id: 5
56:
- cam_R_m2c: [0.71876103, -0.68725699, -0.10516300, -0.38823599, -0.27126500, -0.88073099, 0.57676202, 0.67386401, -0.46179301]
  cam_t_m2c: [88.29640037, -45.13638256, 1024.17552168]
  obj_bb: [340, 163, 76, 112]
  obj_id: 5
57:
- cam_R_m2c: [0.84208399, -0.49110499, -0.22295800, -0.41545299, -0.32701799, -0.84879798, 0.34393799, 0.80738801, -0.47940800]
  cam_t_m2c: [243.57048735, -29.45240824, 963.07225280]
  obj_bb: [437, 168, 76, 118]
  obj_id: 5
58:
- cam_R_m2c: [0.71921802, -0.67410702, -0.16823800, -0.41243801, -0.21937200, -0.88417798, 0.55912399, 0.70530498, -0.43580401]
  cam_t_m2c: [105.47276008, -61.98828648, 994.15867088]
  obj_bb: [351, 151, 78, 116]
  obj_id: 5
59:
- cam_R_m2c: [0.75865197, -0.61052197, -0.22740000, -0.42893699, -0.20535500, -0.87968302, 0.49036801, 0.76491398, -0.41766801]
  cam_t_m2c: [123.15811215, -125.60202018, 1038.65369877]
  obj_bb: [362, 119, 70, 112]
  obj_id: 5
60:
- cam_R_m2c: [0.70601499, -0.62253100, -0.33763501, -0.48656499, -0.07997680, -0.86997598, 0.51458400, 0.77849799, -0.35936701]
  cam_t_m2c: [61.43358659, -103.68914411, 1002.39222419]
  obj_bb: [324, 129, 76, 115]
  obj_id: 5
61:
- cam_R_m2c: [0.76564699, -0.61246598, -0.19664501, -0.41778299, -0.24101700, -0.87599599, 0.48912299, 0.75285900, -0.44041201]
  cam_t_m2c: [32.80261403, -105.16424379, 1025.60103117]
  obj_bb: [312, 129, 68, 113]
  obj_id: 5
62:
- cam_R_m2c: [0.77316600, -0.60533798, -0.18915799, -0.37629500, -0.19777900, -0.90514398, 0.51050597, 0.77100599, -0.38070101]
  cam_t_m2c: [-20.31081255, -80.24066838, 1015.22045414]
  obj_bb: [281, 142, 67, 114]
  obj_id: 5
63:
- cam_R_m2c: [0.78293997, -0.58759898, -0.20428500, -0.36782801, -0.17242800, -0.91376698, 0.50170398, 0.79056698, -0.35113600]
  cam_t_m2c: [3.47921974, -74.20948023, 1003.21099519]
  obj_bb: [294, 145, 68, 115]
  obj_id: 5
64:
- cam_R_m2c: [0.66179103, -0.72008097, -0.20860600, -0.38284099, -0.08536720, -0.91986197, 0.64456701, 0.68861902, -0.33217099]
  cam_t_m2c: [26.86348413, -64.16327028, 1016.97900682]
  obj_bb: [307, 152, 74, 114]
  obj_id: 5
65:
- cam_R_m2c: [0.63482702, -0.73808599, -0.22852699, -0.41952199, -0.08089190, -0.90413398, 0.64884198, 0.66983998, -0.36099601]
  cam_t_m2c: [22.02794758, -105.62286352, 1005.60870455]
  obj_bb: [303, 127, 77, 116]
  obj_id: 5
66:
- cam_R_m2c: [0.56140101, -0.69496000, -0.44928801, -0.55544102, 0.08601770, -0.82709497, 0.61344498, 0.71388501, -0.33771899]
  cam_t_m2c: [-99.84325739, -77.25530128, 1031.86717274]
  obj_bb: [229, 150, 86, 108]
  obj_id: 5
67:
- cam_R_m2c: [0.66225302, -0.62873399, -0.40757200, -0.54393899, -0.02931270, -0.83861202, 0.51531702, 0.77706802, -0.36140600]
  cam_t_m2c: [-81.23144190, -17.43039358, 1003.96844570]
  obj_bb: [238, 181, 86, 111]
  obj_id: 5
68:
- cam_R_m2c: [0.67181498, -0.62648797, -0.39519399, -0.54629201, -0.05875620, -0.83553100, 0.50023001, 0.77721399, -0.38171899]
  cam_t_m2c: [-87.13015245, -40.84126956, 989.56916120]
  obj_bb: [234, 166, 86, 113]
  obj_id: 5
69:
- cam_R_m2c: [0.71184999, -0.52262902, -0.46917900, -0.57283998, -0.04553810, -0.81840098, 0.40635499, 0.85134298, -0.33179900]
  cam_t_m2c: [-108.83380950, -58.74518790, 1046.99776083]
  obj_bb: [224, 161, 88, 106]
  obj_id: 5
70:
- cam_R_m2c: [0.92456502, 0.27956700, -0.25888699, -0.06750840, -0.54850799, -0.83341599, -0.37499699, 0.78802401, -0.48825800]
  cam_t_m2c: [59.84232667, 112.00018410, 1022.42269228]
  obj_bb: [328, 255, 69, 105]
  obj_id: 5
71:
- cam_R_m2c: [0.82000202, 0.51764202, -0.24421801, 0.14588100, -0.60161299, -0.78535300, -0.55345702, 0.60836500, -0.56883901]
  cam_t_m2c: [188.99358188, -81.00678504, 1017.05902167]
  obj_bb: [397, 144, 70, 108]
  obj_id: 5
72:
- cam_R_m2c: [0.85050702, 0.48741600, -0.19764601, 0.20357500, -0.65155298, -0.73077703, -0.48497000, 0.58129501, -0.65337598]
  cam_t_m2c: [116.38953947, -103.20266077, 978.80362749]
  obj_bb: [357, 128, 72, 111]
  obj_id: 5
73:
- cam_R_m2c: [0.84857303, 0.49802601, -0.17858800, 0.21905300, -0.63796902, -0.73824900, -0.48159999, 0.58733797, -0.65045702]
  cam_t_m2c: [114.56003046, -89.07259889, 964.48197361]
  obj_bb: [356, 134, 73, 113]
  obj_id: 5
74:
- cam_R_m2c: [0.81694698, 0.56871200, -0.09572560, 0.33181599, -0.59927702, -0.72853702, -0.47169399, 0.56341302, -0.67828500]
  cam_t_m2c: [131.67316562, -94.17643714, 1017.83309532]
  obj_bb: [362, 137, 68, 107]
  obj_id: 5
75:
- cam_R_m2c: [0.90123498, 0.28160200, -0.32935601, 0.04078200, -0.81180400, -0.58250397, -0.43140700, 0.51154202, -0.74311101]
  cam_t_m2c: [35.29551250, -56.74095071, 981.36943687]
  obj_bb: [311, 163, 78, 97]
  obj_id: 5
76:
- cam_R_m2c: [0.90263897, 0.29422599, -0.31412300, 0.06418270, -0.81370097, -0.57773000, -0.42558599, 0.50132000, -0.75336200]
  cam_t_m2c: [36.39706197, -58.48423477, 976.13036735]
  obj_bb: [312, 162, 77, 97]
  obj_id: 5
77:
- cam_R_m2c: [0.96060401, 0.22906300, -0.15738800, 0.12528500, -0.86240298, -0.49047300, -0.24808100, 0.45143199, -0.85712600]
  cam_t_m2c: [-67.30650782, -64.49793732, 971.74579966]
  obj_bb: [253, 161, 71, 91]
  obj_id: 5
78:
- cam_R_m2c: [0.95830399, 0.24670300, -0.14418800, 0.15843999, -0.87867200, -0.45036799, -0.23780200, 0.40874499, -0.88112301]
  cam_t_m2c: [-55.98468260, -76.69809255, 979.25440278]
  obj_bb: [261, 155, 69, 89]
  obj_id: 5
79:
- cam_R_m2c: [0.95722002, 0.27118000, -0.10095000, 0.21105300, -0.89297402, -0.39756000, -0.19795600, 0.35924599, -0.91200602]
  cam_t_m2c: [-54.14738046, -55.31982266, 964.70646514]
  obj_bb: [262, 165, 67, 93]
  obj_id: 5
80:
- cam_R_m2c: [0.97190702, 0.21862499, -0.08717950, 0.17538200, -0.91971999, -0.35122100, -0.15696600, 0.32606399, -0.93222499]
  cam_t_m2c: [-96.28428564, -19.05800703, 953.70559943]
  obj_bb: [235, 184, 70, 98]
  obj_id: 5
81:
- cam_R_m2c: [0.97237599, 0.21287200, -0.09576530, 0.16672599, -0.92053097, -0.35330600, -0.16336399, 0.32758000, -0.93059301]
  cam_t_m2c: [-86.82087191, -8.97805186, 951.98159139]
  obj_bb: [240, 190, 71, 98]
  obj_id: 5
82:
- cam_R_m2c: [0.98332500, 0.16801700, -0.06958810, 0.13241500, -0.92377901, -0.35930201, -0.12465300, 0.34409600, -0.93062299]
  cam_t_m2c: [-114.40503873, 1.53170923, 1005.14500774]
  obj_bb: [229, 198, 66, 94]
  obj_id: 5
83:
- cam_R_m2c: [0.99242502, 0.08562730, -0.08809760, 0.02886830, -0.85954702, -0.51024097, -0.11941500, 0.50383300, -0.85550702]
  cam_t_m2c: [-74.96293129, -0.96702113, 1015.63381571]
  obj_bb: [252, 201, 65, 87]
  obj_id: 5
84:
- cam_R_m2c: [0.99752200, 0.01676340, -0.06833020, -0.01112050, -0.92142498, -0.38839599, -0.06947200, 0.38819399, -0.91895598]
  cam_t_m2c: [-44.84947802, 41.96857477, 941.72962529]
  obj_bb: [265, 219, 67, 103]
  obj_id: 5
85:
- cam_R_m2c: [0.99578297, 0.07546980, -0.05215570, 0.04762180, -0.91117501, -0.40925899, -0.07840960, 0.40505001, -0.91092598]
  cam_t_m2c: [-65.70512874, 31.31972468, 970.11513342]
  obj_bb: [255, 214, 65, 98]
  obj_id: 5
86:
- cam_R_m2c: [0.98557198, 0.11126800, -0.12754700, -0.00021177, -0.75274599, -0.65831101, -0.16925900, 0.64883900, -0.74186200]
  cam_t_m2c: [-31.10056035, 42.57740156, 1003.34064192]
  obj_bb: [277, 222, 65, 94]
  obj_id: 5
87:
- cam_R_m2c: [0.97192699, 0.06762660, -0.22535300, -0.12501000, -0.66299099, -0.73811603, -0.19932300, 0.74556702, -0.63592499]
  cam_t_m2c: [-5.52115607, 76.18029650, 1020.60727438]
  obj_bb: [290, 238, 70, 99]
  obj_id: 5
88:
- cam_R_m2c: [0.93672001, 0.09056830, -0.33816001, -0.21248899, -0.62057298, -0.75480902, -0.27821499, 0.77890003, -0.56205899]
  cam_t_m2c: [43.18139578, 13.05157966, 1034.63534944]
  obj_bb: [314, 201, 76, 101]
  obj_id: 5
89:
- cam_R_m2c: [0.95137501, 0.19663100, -0.23711000, -0.06356510, -0.62786299, -0.77572399, -0.30140400, 0.75307602, -0.58483499]
  cam_t_m2c: [-41.95474839, -65.21647839, 1013.41943140]
  obj_bb: [269, 153, 72, 108]
  obj_id: 5
90:
- cam_R_m2c: [0.95151901, 0.22392800, -0.21087600, -0.03007960, -0.61454600, -0.78830701, -0.30611700, 0.75643200, -0.57801598]
  cam_t_m2c: [-28.43928634, -72.98685485, 993.13091346]
  obj_bb: [277, 146, 71, 111]
  obj_id: 5
91:
- cam_R_m2c: [0.91427898, 0.31178501, -0.25861901, -0.10701000, -0.42985901, -0.89653200, -0.39069501, 0.84735602, -0.35964701]
  cam_t_m2c: [-13.08146966, 17.46876375, 989.66521030]
  obj_bb: [285, 197, 75, 115]
  obj_id: 5
92:
- cam_R_m2c: [0.90026802, 0.35392100, -0.25349200, -0.09766060, -0.40325901, -0.90986001, -0.42424101, 0.84387398, -0.32847700]
  cam_t_m2c: [-34.90096380, 17.66548230, 998.28103700]
  obj_bb: [270, 197, 77, 115]
  obj_id: 5
93:
- cam_R_m2c: [0.89982003, 0.36000100, -0.24642199, -0.08086760, -0.41742200, -0.90510702, -0.42870200, 0.83436102, -0.34649199]
  cam_t_m2c: [-23.97801252, -3.48873040, 1017.27971460]
  obj_bb: [278, 186, 75, 112]
  obj_id: 5
94:
- cam_R_m2c: [0.95537901, 0.24058101, -0.17138000, -0.02855770, -0.50225103, -0.86425000, -0.29399800, 0.83058101, -0.47297001]
  cam_t_m2c: [-23.07807737, -60.11268522, 999.94747194]
  obj_bb: [282, 152, 67, 114]
  obj_id: 5
95:
- cam_R_m2c: [0.96869397, 0.18202201, -0.16881999, -0.05138810, -0.51827300, -0.85367000, -0.24288200, 0.83561999, -0.49269399]
  cam_t_m2c: [-49.99943788, -72.21512016, 1001.52094953]
  obj_bb: [266, 146, 68, 113]
  obj_id: 5
96:
- cam_R_m2c: [0.90775698, 0.29940799, -0.29382300, -0.12079800, -0.48418301, -0.86658800, -0.40172699, 0.82214499, -0.40335199]
  cam_t_m2c: [102.11063985, -160.05897290, 1014.33017163]
  obj_bb: [351, 96, 72, 114]
  obj_id: 5
97:
- cam_R_m2c: [0.91294402, 0.30714199, -0.26869401, -0.12410600, -0.41827399, -0.89980203, -0.38875499, 0.85481602, -0.34374300]
  cam_t_m2c: [80.91385613, -134.96572241, 1003.17495471]
  obj_bb: [340, 109, 72, 115]
  obj_id: 5
98:
- cam_R_m2c: [0.92971599, 0.29984501, -0.21382500, -0.07081770, -0.42421401, -0.90278900, -0.36140400, 0.85448003, -0.37316400]
  cam_t_m2c: [-14.83466347, -166.67454392, 1025.48725243]
  obj_bb: [286, 93, 70, 114]
  obj_id: 5
99:
- cam_R_m2c: [0.84645700, 0.49759600, -0.18949600, -0.06399770, -0.25823301, -0.96396101, -0.52859700, 0.82807899, -0.18673800]
  cam_t_m2c: [85.97513339, 50.60721233, 1040.37564769]
  obj_bb: [338, 216, 72, 112]
  obj_id: 5
100:
- cam_R_m2c: [0.89526898, 0.37082601, -0.24694300, -0.11372400, -0.34570301, -0.93142700, -0.43076599, 0.86196202, -0.26732501]
  cam_t_m2c: [-100.50654196, 89.42205556, 1038.79488726]
  obj_bb: [233, 239, 78, 110]
  obj_id: 5
101:
- cam_R_m2c: [0.82793301, 0.45803699, -0.32361901, -0.12567601, -0.41083801, -0.90300500, -0.54656398, 0.78829902, -0.28258201]
  cam_t_m2c: [-2.91131425, 36.02575196, 1039.94432833]
  obj_bb: [287, 210, 80, 109]
  obj_id: 5
102:
- cam_R_m2c: [0.83417398, 0.47776201, -0.27549499, -0.15419599, -0.27757001, -0.94825000, -0.52950698, 0.83348602, -0.15787300]
  cam_t_m2c: [-58.44491560, 76.69504150, 1054.25873720]
  obj_bb: [255, 232, 80, 109]
  obj_id: 5
103:
- cam_R_m2c: [0.75136900, 0.60053802, -0.27349201, 0.21852501, -0.61751503, -0.75559402, -0.62264800, 0.50796503, -0.59521401]
  cam_t_m2c: [123.69893809, 3.19329570, 1028.69110347]
  obj_bb: [355, 195, 78, 102]
  obj_id: 5
104:
- cam_R_m2c: [0.77341503, 0.59058398, -0.23030500, 0.28043899, -0.64460498, -0.71122301, -0.56849200, 0.48548400, -0.66417003]
  cam_t_m2c: [79.62183556, -19.12048667, 998.22845221]
  obj_bb: [331, 181, 78, 104]
  obj_id: 5
105:
- cam_R_m2c: [0.89187503, 0.24129100, -0.38253999, -0.03921990, -0.80135500, -0.59690201, -0.45057800, 0.54736501, -0.70524597]
  cam_t_m2c: [-12.77236533, 77.22095199, 970.31550500]
  obj_bb: [280, 246, 85, 90]
  obj_id: 5
106:
- cam_R_m2c: [0.91895401, 0.20037700, -0.33966601, -0.01893020, -0.83789301, -0.54550701, -0.39391100, 0.50772500, -0.76619101]
  cam_t_m2c: [-24.54178288, 26.43823320, 941.89456178]
  obj_bb: [271, 214, 86, 94]
  obj_id: 5
107:
- cam_R_m2c: [0.95268703, 0.17509501, -0.24845500, 0.03121900, -0.86945403, -0.49302599, -0.30234700, 0.46194300, -0.83378398]
  cam_t_m2c: [-64.79472910, 8.17848904, 979.19467796]
  obj_bb: [251, 204, 79, 91]
  obj_id: 5
108:
- cam_R_m2c: [0.92047501, 0.32975501, -0.20973299, 0.21219601, -0.87239403, -0.44034201, -0.32817501, 0.36081901, -0.87298900]
  cam_t_m2c: [-107.14624869, 10.26065998, 1015.54023361]
  obj_bb: [232, 206, 74, 88]
  obj_id: 5
109:
- cam_R_m2c: [0.95235401, 0.25088400, -0.17343500, 0.16660801, -0.90424299, -0.39317501, -0.25546899, 0.34554601, -0.90295798]
  cam_t_m2c: [-58.16324989, 40.05665931, 970.45549786]
  obj_bb: [258, 220, 72, 96]
  obj_id: 5
110:
- cam_R_m2c: [0.87706000, 0.40732899, -0.25465599, 0.22007200, -0.81190598, -0.54071897, -0.42700699, 0.41819999, -0.80173200]
  cam_t_m2c: [-81.56178311, -41.01377639, 1008.52460051]
  obj_bb: [243, 176, 79, 90]
  obj_id: 5
111:
- cam_R_m2c: [0.82023197, 0.47662699, -0.31629899, 0.20921201, -0.76458901, -0.60961801, -0.53239900, 0.43385500, -0.72685599]
  cam_t_m2c: [-41.50614725, -24.58913752, 1014.23356632]
  obj_bb: [264, 183, 82, 95]
  obj_id: 5
112:
- cam_R_m2c: [0.82834101, 0.37914401, -0.41243401, -0.08236790, -0.64577001, -0.75907600, -0.55413699, 0.66274500, -0.50368798]
  cam_t_m2c: [8.14447795, 61.61998249, 994.64068812]
  obj_bb: [294, 229, 84, 103]
  obj_id: 5
113:
- cam_R_m2c: [0.78463203, 0.45562801, -0.42042300, -0.04743480, -0.63203502, -0.77348697, -0.61814398, 0.62684500, -0.47430199]
  cam_t_m2c: [43.80872441, 35.90526889, 1011.05067714]
  obj_bb: [314, 213, 83, 104]
  obj_id: 5
114:
- cam_R_m2c: [0.78170699, 0.51204902, -0.35600600, -0.00666407, -0.56395501, -0.82577902, -0.62361002, 0.64788902, -0.43743500]
  cam_t_m2c: [-23.63149522, 42.23071150, 999.62839425]
  obj_bb: [271, 215, 87, 108]
  obj_id: 5
115:
- cam_R_m2c: [0.76039302, 0.55041301, -0.34474301, 0.03837290, -0.56796098, -0.82216102, -0.64832801, 0.61193699, -0.45299399]
  cam_t_m2c: [-24.88178741, 3.96137339, 977.22136003]
  obj_bb: [268, 191, 90, 112]
  obj_id: 5
116:
- cam_R_m2c: [0.71363097, 0.41310501, -0.56575102, -0.18545800, -0.66738403, -0.72125101, -0.67552602, 0.61963099, -0.39965200]
  cam_t_m2c: [13.49410282, -9.69000912, 965.27174914]
  obj_bb: [293, 186, 96, 107]
  obj_id: 5
117:
- cam_R_m2c: [0.72640800, 0.40598601, -0.55453300, -0.19948301, -0.64758301, -0.73541999, -0.65767598, 0.64483500, -0.38942200]
  cam_t_m2c: [0.42504370, 10.18401197, 1015.92507628]
  obj_bb: [287, 200, 91, 102]
  obj_id: 5
118:
- cam_R_m2c: [0.75587302, 0.40741199, -0.51251501, -0.10302900, -0.69903201, -0.70762902, -0.64656103, 0.58768201, -0.48640499]
  cam_t_m2c: [-91.53628284, 0.98958382, 1005.67143989]
  obj_bb: [235, 195, 92, 101]
  obj_id: 5
119:
- cam_R_m2c: [0.65610600, 0.69139498, -0.30248600, -0.00951775, -0.39320701, -0.91940099, -0.75460899, 0.60610300, -0.25140500]
  cam_t_m2c: [6.94364986, 22.11140178, 1002.55168938]
  obj_bb: [284, 200, 90, 114]
  obj_id: 5
120:
- cam_R_m2c: [0.69436300, 0.65406799, -0.30009201, -0.02493930, -0.39488900, -0.91838998, -0.71919298, 0.64517999, -0.25788400]
  cam_t_m2c: [-35.61849986, 24.47534809, 1023.36538545]
  obj_bb: [261, 202, 89, 112]
  obj_id: 5
121:
- cam_R_m2c: [0.69111598, 0.67377001, -0.26152000, 0.05833740, -0.41266701, -0.90901202, -0.72038603, 0.61297601, -0.32450700]
  cam_t_m2c: [-63.19330494, -47.00414498, 1054.44439089]
  obj_bb: [247, 164, 86, 109]
  obj_id: 5
122:
- cam_R_m2c: [0.68233502, 0.67960399, -0.26936501, 0.03709780, -0.40018299, -0.91568398, -0.73009801, 0.61480999, -0.29827100]
  cam_t_m2c: [-81.78605232, -49.73296890, 1022.85842952]
  obj_bb: [234, 160, 89, 112]
  obj_id: 5
123:
- cam_R_m2c: [0.61091900, 0.75843000, -0.22707500, 0.23287299, -0.44628099, -0.86406201, -0.75667000, 0.47499201, -0.44925901]
  cam_t_m2c: [-81.15123879, -98.37720815, 1049.94147807]
  obj_bb: [235, 135, 89, 110]
  obj_id: 5
124:
- cam_R_m2c: [0.53341901, 0.77333701, -0.34265700, 0.37320301, -0.57871598, -0.72512603, -0.75906801, 0.25891501, -0.59731001]
  cam_t_m2c: [164.35180590, 16.39838827, 1016.66670552]
  obj_bb: [373, 202, 88, 103]
  obj_id: 5
125:
- cam_R_m2c: [0.54093498, 0.79392499, -0.27761999, 0.51023901, -0.57217199, -0.64208698, -0.66861498, 0.20567501, -0.71459901]
  cam_t_m2c: [67.74068602, -36.52694897, 982.57868003]
  obj_bb: [317, 171, 94, 103]
  obj_id: 5
126:
- cam_R_m2c: [0.56109101, 0.78341103, -0.26729101, 0.51062602, -0.58173299, -0.63312501, -0.65148997, 0.21875501, -0.72643501]
  cam_t_m2c: [48.12950441, -38.02974111, 981.34729250]
  obj_bb: [305, 170, 94, 103]
  obj_id: 5
127:
- cam_R_m2c: [0.54096699, 0.79282397, -0.28068700, 0.52660501, -0.57951701, -0.62197101, -0.65577602, 0.18865500, -0.73100400]
  cam_t_m2c: [53.93134762, -52.88444273, 989.73594044]
  obj_bb: [309, 162, 94, 102]
  obj_id: 5
128:
- cam_R_m2c: [0.44294101, 0.85931599, -0.25569400, 0.32337800, -0.41912901, -0.84838599, -0.83620000, 0.29309899, -0.46353301]
  cam_t_m2c: [107.99443715, 53.65994393, 1044.02080603]
  obj_bb: [338, 221, 92, 107]
  obj_id: 5
129:
- cam_R_m2c: [0.40477300, 0.88130301, -0.24385300, 0.34137300, -0.39303401, -0.85380799, -0.84830600, 0.26235399, -0.45994201]
  cam_t_m2c: [88.44390817, 67.16281735, 1033.20268973]
  obj_bb: [327, 228, 94, 108]
  obj_id: 5
130:
- cam_R_m2c: [0.60254300, 0.49672100, -0.62466800, 0.09395240, -0.82141203, -0.56254297, -0.79253697, 0.28026801, -0.54160500]
  cam_t_m2c: [68.81933317, -24.75369179, 941.83837513]
  obj_bb: [325, 182, 101, 97]
  obj_id: 5
131:
- cam_R_m2c: [0.58364999, 0.60235798, -0.54453403, 0.01796200, -0.68001699, -0.73297602, -0.81180602, 0.41802099, -0.40771201]
  cam_t_m2c: [-6.11727673, 25.42729618, 1012.21006347]
  obj_bb: [280, 209, 96, 101]
  obj_id: 5
132:
- cam_R_m2c: [0.62239301, 0.58190799, -0.52345997, -0.02779900, -0.65192699, -0.75777203, -0.78221101, 0.48618299, -0.38957801]
  cam_t_m2c: [-97.73789923, -6.03112607, 1017.50447498]
  obj_bb: [228, 190, 96, 103]
  obj_id: 5
133:
- cam_R_m2c: [0.62410402, 0.58252102, -0.52073300, -0.02181010, -0.65321302, -0.75686002, -0.78103697, 0.48371699, -0.39496800]
  cam_t_m2c: [-107.60308143, -20.16816164, 1012.79706257]
  obj_bb: [221, 181, 98, 105]
  obj_id: 5
134:
- cam_R_m2c: [0.53009301, 0.69013798, -0.49265701, 0.04503610, -0.60310000, -0.79639298, -0.84674299, 0.39997500, -0.35078001]
  cam_t_m2c: [-130.54620237, 9.97180658, 1039.16215941]
  obj_bb: [209, 199, 97, 103]
  obj_id: 5
135:
- cam_R_m2c: [0.55496299, 0.71130800, -0.43134299, 0.11635400, -0.57979399, -0.80641198, -0.82369798, 0.39734000, -0.40452701]
  cam_t_m2c: [-107.54430911, 5.39293889, 1048.56416170]
  obj_bb: [222, 196, 94, 103]
  obj_id: 5
136:
- cam_R_m2c: [0.82457799, 0.44841099, -0.34496301, -0.15369700, -0.40926099, -0.89937901, -0.54447103, 0.79462802, -0.26854801]
  cam_t_m2c: [30.43864758, 27.47187309, 988.92641800]
  obj_bb: [306, 203, 83, 115]
  obj_id: 5
137:
- cam_R_m2c: [0.69466400, 0.64989001, -0.30835700, -0.01021090, -0.41971901, -0.90759701, -0.71926200, 0.63362402, -0.28492799]
  cam_t_m2c: [-102.90369936, -69.38827632, 1010.62350423]
  obj_bb: [221, 148, 92, 113]
  obj_id: 5
138:
- cam_R_m2c: [0.66576898, 0.69780302, -0.26423901, 0.02755340, -0.37688300, -0.92585099, -0.74564898, 0.60912198, -0.27014399]
  cam_t_m2c: [-49.70450163, -71.77009640, 1039.59760337]
  obj_bb: [253, 149, 88, 111]
  obj_id: 5
139:
- cam_R_m2c: [0.98202598, -0.10305700, -0.15812901, -0.18444499, -0.70181400, -0.68806702, -0.04006750, 0.70486599, -0.70820802]
  cam_t_m2c: [48.09334063, -8.02848335, 972.57407590]
  obj_bb: [321, 188, 66, 103]
  obj_id: 5
140:
- cam_R_m2c: [0.97824401, -0.06042220, -0.19846600, -0.17444000, -0.75738901, -0.62923199, -0.11229600, 0.65016198, -0.75145102]
  cam_t_m2c: [86.87332243, -59.87509570, 889.92886854]
  obj_bb: [346, 149, 72, 112]
  obj_id: 5
141:
- cam_R_m2c: [0.98500800, -0.03253670, -0.16941001, -0.13123301, -0.77873403, -0.61347401, -0.11196500, 0.62651002, -0.77133000]
  cam_t_m2c: [77.32381707, -62.20574094, 894.51535929]
  obj_bb: [340, 149, 70, 110]
  obj_id: 5
142:
- cam_R_m2c: [0.83209801, -0.42302501, -0.35869700, -0.55221403, -0.69217300, -0.46471101, -0.05169610, 0.58476198, -0.80955601]
  cam_t_m2c: [69.22344073, -30.73017230, 864.10910901]
  obj_bb: [328, 173, 87, 101]
  obj_id: 5
143:
- cam_R_m2c: [0.95064801, -0.17057900, -0.25917301, -0.27321699, -0.85608500, -0.43871501, -0.14703900, 0.48787400, -0.86044103]
  cam_t_m2c: [-39.53382159, -113.90139781, 941.15210293]
  obj_bb: [261, 127, 82, 95]
  obj_id: 5
144:
- cam_R_m2c: [0.96286500, -0.05085270, -0.26515099, -0.16683400, -0.88422102, -0.43625501, -0.21226799, 0.46429101, -0.85987002]
  cam_t_m2c: [-57.40873699, -126.29249475, 922.09227634]
  obj_bb: [249, 117, 85, 97]
  obj_id: 5
145:
- cam_R_m2c: [0.83468699, -0.08198890, -0.54458803, -0.46777999, -0.62743402, -0.62250203, -0.29065499, 0.77434099, -0.56206399]
  cam_t_m2c: [65.13795073, 16.84057117, 892.33989343]
  obj_bb: [319, 202, 103, 107]
  obj_id: 5
146:
- cam_R_m2c: [0.82031202, -0.15628700, -0.55014801, -0.52542800, -0.58583403, -0.61702800, -0.22586100, 0.79521900, -0.56268400]
  cam_t_m2c: [52.10084287, 35.31806039, 880.79520621]
  obj_bb: [309, 214, 106, 108]
  obj_id: 5
147:
- cam_R_m2c: [0.79227102, -0.24228400, -0.56000501, -0.59082401, -0.53389001, -0.60488701, -0.15242700, 0.81009901, -0.56613302]
  cam_t_m2c: [46.44511937, 5.49258152, 869.55398584]
  obj_bb: [305, 193, 107, 111]
  obj_id: 5
148:
- cam_R_m2c: [0.82046700, -0.27217400, -0.50274801, -0.55977899, -0.56107402, -0.60979003, -0.11611000, 0.78174001, -0.61269999]
  cam_t_m2c: [26.35945372, -15.92909885, 914.22524482]
  obj_bb: [294, 181, 100, 107]
  obj_id: 5
149:
- cam_R_m2c: [0.74611402, -0.42172599, -0.51522899, -0.66553199, -0.44972801, -0.59565997, 0.01949250, 0.78733200, -0.61622101]
  cam_t_m2c: [62.09821463, -21.78093963, 879.46927630]
  obj_bb: [317, 175, 101, 111]
  obj_id: 5
150:
- cam_R_m2c: [0.70591402, -0.48530400, -0.51591301, -0.70191401, -0.38174000, -0.60132498, 0.09488110, 0.78661001, -0.61011702]
  cam_t_m2c: [52.66191187, -21.65436801, 882.19662222]
  obj_bb: [311, 175, 101, 112]
  obj_id: 5
151:
- cam_R_m2c: [0.80063301, -0.38848001, -0.45614699, -0.59824997, -0.47649801, -0.64424199, 0.03292170, 0.78869098, -0.61390799]
  cam_t_m2c: [39.91219193, -95.66630583, 936.49972666]
  obj_bb: [305, 130, 92, 112]
  obj_id: 5
152:
- cam_R_m2c: [0.77234602, -0.36299700, -0.52126300, -0.63480097, -0.41193300, -0.65371197, 0.02257040, 0.83578998, -0.54858601]
  cam_t_m2c: [15.89334132, -101.67834873, 915.98559570]
  obj_bb: [287, 124, 101, 115]
  obj_id: 5
153:
- cam_R_m2c: [0.79255903, -0.34514499, -0.50271797, -0.60385698, -0.32944199, -0.72582698, 0.08489880, 0.87883103, -0.46952000]
  cam_t_m2c: [-59.86681333, -20.57636140, 914.54638853]
  obj_bb: [239, 174, 103, 116]
  obj_id: 5
154:
- cam_R_m2c: [0.89844698, 0.33322799, 0.28592399, 0.41761100, -0.44736001, -0.79086697, -0.13562900, 0.82995701, -0.54108799]
  cam_t_m2c: [145.51159627, -43.97298924, 879.63433209]
  obj_bb: [370, 152, 95, 127]
  obj_id: 5
155:
- cam_R_m2c: [0.84070498, 0.45690799, 0.29060400, 0.47269601, -0.35745701, -0.80547100, -0.26414701, 0.81453103, -0.51649398]
  cam_t_m2c: [164.47427698, -27.08663483, 896.55273589]
  obj_bb: [382, 165, 93, 124]
  obj_id: 5
156:
- cam_R_m2c: [0.75347602, 0.55656499, 0.35001299, 0.56145501, -0.26766899, -0.78302097, -0.34211501, 0.78650397, -0.51416802]
  cam_t_m2c: [133.26465179, -20.87103409, 938.89326742]
  obj_bb: [359, 173, 91, 118]
  obj_id: 5
157:
- cam_R_m2c: [0.88285297, 0.30101800, 0.36049801, 0.44778401, -0.30802900, -0.83940899, -0.14163300, 0.90249997, -0.40673500]
  cam_t_m2c: [-4.39502268, -29.33300338, 899.15941560]
  obj_bb: [275, 163, 90, 126]
  obj_id: 5
158:
- cam_R_m2c: [0.87871301, 0.26930800, 0.39412701, 0.46178499, -0.27045801, -0.84475303, -0.12090400, 0.92429698, -0.36201799]
  cam_t_m2c: [-0.49663922, -50.02071855, 868.34251836]
  obj_bb: [274, 146, 96, 132]
  obj_id: 5
159:
- cam_R_m2c: [0.93755400, 0.16014400, 0.30878401, 0.34218299, -0.26516500, -0.90144199, -0.06248180, 0.95081103, -0.30340499]
  cam_t_m2c: [-43.23562449, 2.52851596, 927.13213846]
  obj_bb: [254, 184, 83, 124]
  obj_id: 5
160:
- cam_R_m2c: [0.92468399, 0.11062400, 0.36430901, 0.38001400, -0.20934901, -0.90097803, -0.02340200, 0.97156298, -0.23562001]
  cam_t_m2c: [-95.53472206, -85.44675401, 941.01794588]
  obj_bb: [221, 131, 86, 123]
  obj_id: 5
161:
- cam_R_m2c: [0.89999503, 0.38064301, 0.21241499, 0.27109399, -0.10717000, -0.95656800, -0.34134600, 0.91849101, -0.19964200]
  cam_t_m2c: [2.43929595, -21.08445261, 942.95243114]
  obj_bb: [288, 170, 74, 124]
  obj_id: 5
162:
- cam_R_m2c: [0.81626397, -0.54705203, 0.18559700, 0.05588390, -0.24499600, -0.96791202, 0.57496899, 0.80044401, -0.16941001]
  cam_t_m2c: [-7.02139382, 15.35539563, 926.62084477]
  obj_bb: [279, 191, 80, 125]
  obj_id: 5
163:
- cam_R_m2c: [0.81147498, -0.55136597, 0.19365700, 0.08855400, -0.21154100, -0.97334898, 0.57763797, 0.80699801, -0.12283500]
  cam_t_m2c: [1.12256117, 25.42153757, 920.10804784]
  obj_bb: [283, 197, 82, 126]
  obj_id: 5
164:
- cam_R_m2c: [0.83566499, -0.51512402, 0.19055600, 0.09406460, -0.20759100, -0.97368300, 0.54112500, 0.83159697, -0.12502100]
  cam_t_m2c: [4.45489785, 23.97992501, 907.12021853]
  obj_bb: [284, 195, 82, 128]
  obj_id: 5
165:
- cam_R_m2c: [0.88786203, -0.42997900, 0.16376799, 0.07790770, -0.21030100, -0.97452801, 0.45346600, 0.87800503, -0.15322000]
  cam_t_m2c: [-3.22751231, 13.82174159, 899.86788235]
  obj_bb: [281, 188, 76, 129]
  obj_id: 5
166:
- cam_R_m2c: [0.89215398, -0.41938099, 0.16787300, 0.08929200, -0.20056900, -0.97560197, 0.44281900, 0.88537699, -0.14149100]
  cam_t_m2c: [-24.57675487, 5.35946496, 925.73861045]
  obj_bb: [269, 185, 72, 125]
  obj_id: 5
167:
- cam_R_m2c: [0.92489499, -0.32686001, 0.19424500, 0.13297600, -0.20054001, -0.97061902, 0.35620999, 0.92355102, -0.14201400]
  cam_t_m2c: [-44.54935325, 11.08469866, 970.86745492]
  obj_bb: [259, 191, 70, 119]
  obj_id: 5
168:
- cam_R_m2c: [0.97837800, -0.05857450, 0.19835600, 0.18621500, -0.16786900, -0.96806198, 0.09000160, 0.98406798, -0.15333200]
  cam_t_m2c: [9.68632549, 56.63153955, 1008.26191680]
  obj_bb: [293, 219, 69, 115]
  obj_id: 5
169:
- cam_R_m2c: [0.80263901, -0.58664501, -0.10779100, -0.52780199, -0.61436599, -0.58649802, 0.27784300, 0.52763897, -0.80274600]
  cam_t_m2c: [86.89816954, -178.81634125, 914.94177244]
  obj_bb: [346, 73, 75, 117]
  obj_id: 5
170:
- cam_R_m2c: [0.90699899, -0.40440801, -0.11750000, -0.39142400, -0.70660400, -0.58948898, 0.15536800, 0.58065897, -0.79918498]
  cam_t_m2c: [96.47337699, -162.60085471, 950.99994716]
  obj_bb: [352, 90, 63, 110]
  obj_id: 5
171:
- cam_R_m2c: [0.81312901, -0.55337298, -0.18055500, -0.55871397, -0.65497601, -0.50876802, 0.16327900, 0.51457298, -0.84175700]
  cam_t_m2c: [53.96016239, -104.56394132, 952.13016534]
  obj_bb: [324, 130, 70, 101]
  obj_id: 5
172:
- cam_R_m2c: [0.73040801, -0.67850202, -0.07835020, -0.54225498, -0.50630802, -0.67053002, 0.41528699, 0.53224701, -0.73773301]
  cam_t_m2c: [124.66826242, -100.65154774, 902.17028753]
  obj_bb: [364, 121, 89, 118]
  obj_id: 5
173:
- cam_R_m2c: [0.78470898, -0.60485899, -0.13556300, -0.47409600, -0.44475701, -0.75988501, 0.39933100, 0.66055799, -0.63576603]
  cam_t_m2c: [61.64123387, -113.35501875, 970.20167319]
  obj_bb: [330, 119, 71, 116]
  obj_id: 5
174:
