0:
- cam_R_m2c: [0.08293440, -0.99627799, -0.02349990, -0.84713602, -0.05806040, -0.52819502, 0.52486402, 0.06371310, -0.84879798]
  cam_t_m2c: [8.52285854, 7.87889871, 1059.71735479]
  obj_bb: [299, 213, 59, 66]
  obj_id: 12
1:
- cam_R_m2c: [0.03932880, -0.99846399, -0.03902350, -0.84467500, -0.01235610, -0.53513700, 0.53383303, 0.05400850, -0.84386402]
  cam_t_m2c: [-9.65575732, 18.39332120, 1012.37815133]
  obj_bb: [288, 218, 62, 68]
  obj_id: 12
2:
- cam_R_m2c: [0.03483780, -0.99878401, -0.03487840, -0.86340803, -0.01250340, -0.50435197, 0.50330299, 0.04768480, -0.86279303]
  cam_t_m2c: [-18.01477246, -7.78347363, 927.43155622]
  obj_bb: [280, 200, 67, 74]
  obj_id: 12
3:
- cam_R_m2c: [0.03061770, -0.99903202, -0.03160010, -0.86737901, -0.01084570, -0.49753001, 0.49670500, 0.04264250, -0.86687100]
  cam_t_m2c: [-21.65797711, -8.03223460, 912.90493001]
  obj_bb: [277, 199, 68, 75]
  obj_id: 12
4:
- cam_R_m2c: [-0.00071771, -0.99886501, -0.04762690, -0.87006700, 0.02410060, -0.49234399, 0.49293301, 0.04108520, -0.86909699]
  cam_t_m2c: [-46.26027920, 10.97684177, 811.24154473]
  obj_bb: [253, 207, 79, 84]
  obj_id: 12
5:
- cam_R_m2c: [0.03381520, -0.99903798, -0.02791430, -0.89823598, -0.01813320, -0.43913800, 0.43821001, 0.03992320, -0.89798599]
  cam_t_m2c: [-53.76359321, 2.33461426, 727.97498539]
  obj_bb: [238, 197, 88, 92]
  obj_id: 12
6:
- cam_R_m2c: [0.05119250, -0.99580699, -0.07581830, -0.91466498, -0.01627030, -0.40388501, 0.40095800, 0.09002420, -0.91166198]
  cam_t_m2c: [-47.04360922, -42.90577019, 707.94797660]
  obj_bb: [242, 158, 90, 96]
  obj_id: 12
7:
- cam_R_m2c: [-0.03613070, -0.99927902, -0.01162660, -0.92661399, 0.03785600, -0.37410301, 0.37427300, -0.00274321, -0.92731398]
  cam_t_m2c: [-46.19647024, -9.98334353, 685.87848180]
  obj_bb: [239, 184, 94, 96]
  obj_id: 12
8:
- cam_R_m2c: [-0.03245420, -0.99934697, -0.01589550, -0.93247002, 0.03599970, -0.35944900, 0.35978600, 0.00315647, -0.93303001]
  cam_t_m2c: [-47.44148633, -21.51309697, 688.87857254]
  obj_bb: [239, 175, 93, 95]
  obj_id: 12
9:
- cam_R_m2c: [0.19852100, -0.97454500, -0.10417100, -0.70499200, -0.06815330, -0.70593297, 0.68086302, 0.21358199, -0.70057702]
  cam_t_m2c: [147.97747959, 17.46911743, 1050.12698996]
  obj_bb: [375, 218, 60, 68]
  obj_id: 12
10:
- cam_R_m2c: [0.21319500, -0.97507000, -0.06153890, -0.71551400, -0.11293400, -0.68940997, 0.66527301, 0.19101000, -0.72175300]
  cam_t_m2c: [120.19561102, 7.74788225, 1010.04138626]
  obj_bb: [360, 211, 64, 71]
  obj_id: 12
11:
- cam_R_m2c: [0.21331500, -0.97682798, -0.01745830, -0.71814102, -0.14465800, -0.68069601, 0.66239703, 0.15774000, -0.73235798]
  cam_t_m2c: [60.54663361, 22.02057042, 907.72192002]
  obj_bb: [326, 216, 72, 80]
  obj_id: 12
12:
- cam_R_m2c: [-0.06591430, -0.97855002, -0.19517800, -0.72849101, 0.18086100, -0.66074902, 0.68187702, 0.09863280, -0.72478700]
  cam_t_m2c: [7.05595702, 48.16815098, 810.19293781]
  obj_bb: [288, 232, 86, 90]
  obj_id: 12
13:
- cam_R_m2c: [-0.11082400, -0.97101200, -0.21178500, -0.79939198, 0.21370700, -0.56151700, 0.59050000, 0.10707000, -0.79990399]
  cam_t_m2c: [-13.23542552, -1.14117016, 715.87648328]
  obj_bb: [266, 190, 100, 102]
  obj_id: 12
14:
- cam_R_m2c: [0.35242900, -0.91143101, -0.21233600, -0.64550501, -0.07247290, -0.76030999, 0.67758101, 0.40501899, -0.61387497]
  cam_t_m2c: [161.57577108, 59.92005772, 1049.64038147]
  obj_bb: [381, 241, 63, 69]
  obj_id: 12
15:
- cam_R_m2c: [0.37221599, -0.90829098, -0.19095100, -0.64908999, -0.10768000, -0.75305200, 0.66342902, 0.40424201, -0.62964302]
  cam_t_m2c: [146.37458891, 47.10555780, 1006.66878693]
  obj_bb: [374, 233, 66, 73]
  obj_id: 12
16:
- cam_R_m2c: [0.51020402, -0.85948098, 0.03139330, -0.59529698, -0.37925300, -0.70837098, 0.62073702, 0.34272501, -0.70514202]
  cam_t_m2c: [83.87361771, -14.44368384, 911.14813050]
  obj_bb: [338, 191, 80, 86]
  obj_id: 12
17:
- cam_R_m2c: [0.24481000, -0.94700998, -0.20794301, -0.73247498, -0.04012240, -0.67961103, 0.63525498, 0.31868899, -0.70348299]
  cam_t_m2c: [2.41681500, -6.17781827, 815.01059392]
  obj_bb: [286, 194, 81, 88]
  obj_id: 12
18:
- cam_R_m2c: [0.13662700, -0.92957997, -0.34236601, -0.78467202, 0.10940100, -0.61018097, 0.60466701, 0.35201201, -0.71446902]
  cam_t_m2c: [-14.14373107, -6.10390047, 736.41053220]
  obj_bb: [271, 189, 90, 96]
  obj_id: 12
19:
- cam_R_m2c: [0.15950701, -0.93070400, -0.32916200, -0.79812503, 0.07465610, -0.59784901, 0.58099401, 0.35807300, -0.73091000]
  cam_t_m2c: [-6.36844821, -17.16858511, 724.86705539]
  obj_bb: [276, 179, 91, 98]
  obj_id: 12
20:
- cam_R_m2c: [0.18986000, -0.93080902, -0.31232601, -0.80200797, 0.03646210, -0.59619898, 0.56633598, 0.36368299, -0.73959398]
  cam_t_m2c: [-4.05162184, -28.39260790, 714.89190238]
  obj_bb: [277, 170, 92, 98]
  obj_id: 12
21:
- cam_R_m2c: [0.48974600, -0.86987698, -0.05885000, -0.77927703, -0.40646800, -0.47698101, 0.39099401, 0.27946001, -0.87694103]
  cam_t_m2c: [54.04515861, -11.17410207, 1060.22915534]
  obj_bb: [320, 199, 67, 74]
  obj_id: 12
22:
- cam_R_m2c: [0.48517901, -0.87156099, -0.07058600, -0.77497202, -0.39120999, -0.49636099, 0.40499499, 0.29552600, -0.86524200]
  cam_t_m2c: [39.73716932, -5.96161874, 1010.06379005]
  obj_bb: [312, 200, 70, 78]
  obj_id: 12
23:
- cam_R_m2c: [0.30210501, -0.93996000, -0.15877099, -0.84854400, -0.18926200, -0.49411801, 0.43440199, 0.28399900, -0.85477501]
  cam_t_m2c: [10.75416901, -4.58582430, 911.79459015]
  obj_bb: [294, 199, 74, 80]
  obj_id: 12
24:
- cam_R_m2c: [0.40823099, -0.90940702, -0.07953850, -0.82952797, -0.33317399, -0.44819501, 0.38109201, 0.24894699, -0.89038998]
  cam_t_m2c: [-11.70619696, -43.32276221, 809.86052899]
  obj_bb: [273, 164, 85, 95]
  obj_id: 12
25:
- cam_R_m2c: [0.12181900, -0.96207303, -0.24408200, -0.91647297, -0.01460700, -0.39982900, 0.38109899, 0.27240199, -0.88349301]
  cam_t_m2c: [-25.69601301, -21.46424501, 712.90610033]
  obj_bb: [260, 177, 91, 94]
  obj_id: 12
26:
- cam_R_m2c: [0.03653250, -0.97226399, -0.23101400, -0.95097297, 0.03721830, -0.30702600, 0.30710900, 0.23090500, -0.92323703]
  cam_t_m2c: [-51.20619315, -47.51502422, 708.84422309]
  obj_bb: [237, 156, 95, 92]
  obj_id: 12
27:
- cam_R_m2c: [0.02676310, -0.96847099, -0.24768600, -0.95396501, 0.04929850, -0.29583901, 0.29872200, 0.24420200, -0.92256802]
  cam_t_m2c: [-43.92184729, -49.08128117, 713.89335067]
  obj_bb: [243, 155, 96, 92]
  obj_id: 12
28:
- cam_R_m2c: [0.22654800, -0.96730298, -0.11402300, -0.88641298, -0.15624000, -0.43573001, 0.40366700, 0.19978499, -0.89282602]
  cam_t_m2c: [76.14187807, 52.74377127, 1050.09457209]
  obj_bb: [335, 237, 61, 67]
  obj_id: 12
29:
- cam_R_m2c: [0.20668900, -0.96750498, -0.14564900, -0.90641600, -0.13330200, -0.40079901, 0.36836001, 0.21486001, -0.90451401]
  cam_t_m2c: [79.98241563, 25.66171759, 1000.81788948]
  obj_bb: [338, 222, 64, 69]
  obj_id: 12
30:
- cam_R_m2c: [0.23436999, -0.95745897, -0.16835000, -0.88788903, -0.14030200, -0.43814200, 0.39588299, 0.25216401, -0.88300002]
  cam_t_m2c: [67.46079030, 32.87847379, 907.96009262]
  obj_bb: [331, 224, 71, 77]
  obj_id: 12
31:
- cam_R_m2c: [-0.14913601, -0.97190398, -0.18210100, -0.63125402, 0.23532900, -0.73901200, 0.76110202, 0.00473849, -0.64861500]
  cam_t_m2c: [47.64472559, 37.70584521, 1059.00148356]
  obj_bb: [318, 228, 68, 71]
  obj_id: 12
32:
- cam_R_m2c: [-0.15723200, -0.97115499, -0.17926800, -0.63228202, 0.23843700, -0.73713398, 0.75861597, -0.00255331, -0.65153402]
  cam_t_m2c: [33.71436381, 55.06771300, 1009.84908685]
  obj_bb: [309, 237, 72, 74]
  obj_id: 12
33:
- cam_R_m2c: [0.00551076, -0.99834198, -0.05729360, -0.70107502, 0.03699820, -0.71212697, 0.71306598, 0.04409150, -0.69970900]
  cam_t_m2c: [52.15613859, 25.83555980, 914.75494787]
  obj_bb: [324, 220, 69, 77]
  obj_id: 12
34:
- cam_R_m2c: [0.73882502, -0.67179698, 0.05315420, -0.52717602, -0.62530100, -0.57539898, 0.41978899, 0.39709800, -0.81614399]
  cam_t_m2c: [54.33318456, 2.70395047, 873.54878619]
  obj_bb: [320, 197, 84, 95]
  obj_id: 12
35:
- cam_R_m2c: [0.57814097, -0.80667102, -0.12261800, -0.70065498, -0.41380799, -0.58124501, 0.41813201, 0.42195499, -0.80443698]
  cam_t_m2c: [31.51930545, -17.11465589, 811.89394668]
  obj_bb: [303, 181, 88, 99]
  obj_id: 12
36:
- cam_R_m2c: [0.55746001, -0.82075298, -0.12491400, -0.72153598, -0.40455401, -0.56189102, 0.41063899, 0.40336201, -0.81772500]
  cam_t_m2c: [28.50536092, -15.97931068, 830.27369793]
  obj_bb: [302, 183, 85, 96]
  obj_id: 12
37:
- cam_R_m2c: [0.17031600, -0.97487199, -0.14358599, -0.75869203, -0.03675110, -0.65041202, 0.62879199, 0.21971300, -0.74588698]
  cam_t_m2c: [-21.36961018, 25.79460143, 1063.95301245]
  obj_bb: [282, 223, 61, 66]
  obj_id: 12
38:
- cam_R_m2c: [0.32001701, -0.94515002, -0.06543400, -0.71261400, -0.19462000, -0.67402101, 0.62431598, 0.26232699, -0.73580903]
  cam_t_m2c: [16.87326713, 32.34832989, 1012.21959198]
  obj_bb: [300, 224, 67, 74]
  obj_id: 12
39:
- cam_R_m2c: [0.32637700, -0.94345897, -0.05798270, -0.71398503, -0.20586500, -0.66921198, 0.61943799, 0.25981501, -0.74080598]
  cam_t_m2c: [-17.25773171, 30.82568656, 915.57728043]
  obj_bb: [276, 221, 74, 82]
  obj_id: 12
40:
- cam_R_m2c: [0.10625900, -0.96367699, -0.24502200, -0.79739100, 0.06462820, -0.59999198, 0.59403402, 0.25913301, -0.76156002]
  cam_t_m2c: [-21.78395758, 17.81430417, 792.28260505]
  obj_bb: [269, 211, 83, 88]
  obj_id: 12
41:
- cam_R_m2c: [0.15564901, -0.98600602, -0.05971380, -0.74641800, -0.07780280, -0.66091299, 0.64701802, 0.14744200, -0.74808300]
  cam_t_m2c: [21.80363876, 112.13538590, 1024.54939355]
  obj_bb: [305, 270, 62, 70]
  obj_id: 12
42:
- cam_R_m2c: [0.14678501, -0.97619098, -0.15970200, -0.82226902, -0.03067310, -0.56827199, 0.54984301, 0.21473201, -0.80719399]
  cam_t_m2c: [-41.14349860, -29.45682231, 704.46122316]
  obj_bb: [245, 168, 91, 100]
  obj_id: 12
43:
- cam_R_m2c: [-0.34124100, -0.93964601, -0.02490590, -0.83925098, 0.31650099, -0.44213700, 0.42333499, -0.12997299, -0.89660197]
  cam_t_m2c: [59.74529456, 8.28601809, 1059.53340815]
  obj_bb: [324, 211, 66, 71]
  obj_id: 12
44:
- cam_R_m2c: [-0.31229001, -0.94995499, -0.00784628, -0.86985397, 0.28925800, -0.39960399, 0.38187599, -0.11796700, -0.91665399]
  cam_t_m2c: [48.20199011, -37.34502669, 995.48872250]
  obj_bb: [318, 183, 69, 74]
  obj_id: 12
45:
- cam_R_m2c: [-0.28109100, -0.95727098, 0.06796700, -0.90127498, 0.23899101, -0.36136800, 0.32968301, -0.16283400, -0.92994303]
  cam_t_m2c: [-6.66856561, -58.72645879, 906.26354406]
  obj_bb: [283, 165, 74, 79]
  obj_id: 12
46:
- cam_R_m2c: [-0.15607600, -0.96897799, 0.19162899, -0.94751501, 0.09206960, -0.30616799, 0.27902699, -0.22935700, -0.93249100]
  cam_t_m2c: [-47.04812968, -86.71000769, 798.12162444]
  obj_bb: [250, 137, 79, 84]
  obj_id: 12
47:
- cam_R_m2c: [-0.06831190, -0.96147901, 0.26625401, -0.95530701, -0.01389810, -0.29528701, 0.28761300, -0.27452600, -0.91755903]
  cam_t_m2c: [-68.66868971, -76.01213901, 695.98814403]
  obj_bb: [223, 129, 90, 97]
  obj_id: 12
48:
- cam_R_m2c: [-0.08323830, -0.97510701, 0.20551699, -0.93803900, 0.00705321, -0.34645799, 0.33638400, -0.22162201, -0.91527599]
  cam_t_m2c: [-26.02742221, -85.09219100, 793.82885351]
  obj_bb: [266, 137, 78, 85]
  obj_id: 12
49:
- cam_R_m2c: [-0.10525500, -0.97249299, 0.20779400, -0.94112402, 0.02990880, -0.33673599, 0.32125899, -0.23100300, -0.91838503]
  cam_t_m2c: [-32.46558757, -99.08834346, 825.73123771]
  obj_bb: [263, 131, 75, 82]
  obj_id: 12
50:
- cam_R_m2c: [0.34111801, -0.93992603, -0.01332300, -0.89532900, -0.32054901, -0.30925000, 0.28640100, 0.11741900, -0.95088798]
  cam_t_m2c: [72.07165289, -15.34960478, 1050.92001701]
  obj_bb: [331, 198, 66, 70]
  obj_id: 12
51:
- cam_R_m2c: [0.35538900, -0.93298203, -0.05695720, -0.88823003, -0.31810799, -0.33144301, 0.29111201, 0.16838200, -0.94175398]
  cam_t_m2c: [103.39923694, 16.52660255, 1003.57820602]
  obj_bb: [349, 214, 70, 73]
  obj_id: 12
52:
- cam_R_m2c: [0.08206560, -0.98614597, -0.14415900, -0.94593400, -0.03152740, -0.32282501, 0.31380701, 0.16285700, -0.93541598]
  cam_t_m2c: [96.96916331, -13.83540815, 837.86662017]
  obj_bb: [354, 193, 74, 77]
  obj_id: 12
53:
- cam_R_m2c: [0.65437299, -0.74746102, -0.11444800, -0.68518603, -0.52209002, -0.50787997, 0.31986800, 0.41076100, -0.85379100]
  cam_t_m2c: [106.27079951, 28.81800916, 973.18551390]
  obj_bb: [351, 217, 74, 84]
  obj_id: 12
54:
- cam_R_m2c: [0.46770701, -0.85013598, -0.24190800, -0.83454698, -0.33458099, -0.43770701, 0.29117301, 0.40660200, -0.86596400]
  cam_t_m2c: [98.95616452, -18.69236931, 838.87326541]
  obj_bb: [351, 184, 83, 91]
  obj_id: 12
55:
- cam_R_m2c: [0.05430440, -0.99852300, -0.00139123, -0.92593402, -0.04983500, -0.37438300, 0.37376100, 0.02161880, -0.92727298]
  cam_t_m2c: [20.13400562, -28.90975625, 1057.77306524]
  obj_bb: [306, 194, 58, 63]
  obj_id: 12
56:
- cam_R_m2c: [0.04482690, -0.99844801, 0.03304610, -0.90593499, -0.05457050, -0.41988501, 0.42103699, -0.01111540, -0.90697497]
  cam_t_m2c: [-12.89145361, 18.35873019, 1007.77431559]
  obj_bb: [286, 219, 62, 66]
  obj_id: 12
57:
- cam_R_m2c: [0.29645699, -0.94971102, 0.10080800, -0.87160701, -0.31219301, -0.37793800, 0.39040300, 0.02417700, -0.92032599]
  cam_t_m2c: [8.24280553, -22.93081018, 908.26911276]
  obj_bb: [292, 186, 77, 82]
  obj_id: 12
58:
- cam_R_m2c: [-0.08230700, -0.99353802, -0.07815590, -0.90893602, 0.10699800, -0.40297201, 0.40873000, 0.03787140, -0.91186899]
  cam_t_m2c: [-17.52655635, -3.36119965, 810.98205510]
  obj_bb: [272, 197, 82, 84]
  obj_id: 12
59:
- cam_R_m2c: [-0.48991501, -0.86902797, 0.06908360, -0.71969199, 0.35845900, -0.59460098, 0.49196100, -0.34102300, -0.80104798]
  cam_t_m2c: [-22.93102953, 75.66840998, 1058.03768785]
  obj_bb: [278, 247, 67, 74]
  obj_id: 12
60:
- cam_R_m2c: [-0.50046802, -0.86317497, 0.06678540, -0.71043903, 0.36537400, -0.60148001, 0.49478099, -0.34846899, -0.79609102]
  cam_t_m2c: [-27.87583240, 66.61182809, 1007.91469437]
  obj_bb: [273, 242, 70, 78]
  obj_id: 12
61:
- cam_R_m2c: [-0.46061099, -0.86761802, 0.18728800, -0.78183299, 0.29669499, -0.54837000, 0.42020801, -0.39901301, -0.81499302]
  cam_t_m2c: [-97.89554629, 4.10095627, 798.63372267]
  obj_bb: [209, 198, 88, 95]
  obj_id: 12
62:
- cam_R_m2c: [-0.03228120, -0.94298398, 0.33126900, -0.91372800, -0.10647400, -0.39212701, 0.40504101, -0.31534901, -0.85819399]
  cam_t_m2c: [-18.33813657, -43.73484164, 677.82044640]
  obj_bb: [260, 151, 97, 104]
  obj_id: 12
63:
- cam_R_m2c: [-0.48336199, -0.87299401, -0.06512780, -0.64278400, 0.40443400, -0.65058500, 0.59429699, -0.27260500, -0.75663602]
  cam_t_m2c: [2.10743221, -31.18121074, 1056.37615089]
  obj_bb: [291, 189, 70, 74]
  obj_id: 12
64:
- cam_R_m2c: [-0.43324700, -0.89806598, -0.07599140, -0.66052598, 0.37375200, -0.65116400, 0.61319000, -0.23192100, -0.75512302]
  cam_t_m2c: [36.69848109, -27.11087276, 1028.85965008]
  obj_bb: [309, 190, 72, 76]
  obj_id: 12
65:
- cam_R_m2c: [-0.43018299, -0.89940500, -0.07754250, -0.65873301, 0.37147799, -0.65427399, 0.61726302, -0.23037800, -0.75227100]
  cam_t_m2c: [36.63621217, -26.70081758, 1014.67461352]
  obj_bb: [309, 190, 73, 76]
  obj_id: 12
66:
- cam_R_m2c: [-0.42077500, -0.90358299, -0.08054030, -0.65917099, 0.36553600, -0.65717298, 0.62325102, -0.22343300, -0.74942398]
  cam_t_m2c: [40.95501863, -14.31816775, 1001.36491466]
  obj_bb: [311, 196, 74, 78]
  obj_id: 12
67:
- cam_R_m2c: [-0.18663999, -0.98027700, 0.06497510, -0.76748198, 0.10419800, -0.63254601, 0.61330098, -0.16792500, -0.77179199]
  cam_t_m2c: [74.29028569, -40.12302083, 910.23364078]
  obj_bb: [334, 178, 73, 78]
  obj_id: 12
68:
- cam_R_m2c: [-0.10914500, -0.99344599, 0.03394000, -0.75582898, 0.06076660, -0.65194303, 0.64560801, -0.09680950, -0.75750798]
  cam_t_m2c: [82.01863533, -8.06862649, 810.71851587]
  obj_bb: [343, 193, 79, 87]
  obj_id: 12
69:
- cam_R_m2c: [-0.21095499, -0.97591603, -0.05554950, -0.76663297, 0.20043799, -0.60999799, 0.60644197, -0.08609620, -0.79045302]
  cam_t_m2c: [42.87798549, -47.67014008, 760.19460269]
  obj_bb: [312, 158, 90, 97]
  obj_id: 12
70:
- cam_R_m2c: [-0.04975080, -0.99604100, 0.07366360, -0.80775201, -0.00325225, -0.58951300, 0.58741897, -0.08883070, -0.80439299]
  cam_t_m2c: [18.45803109, -59.05797638, 712.89874521]
  obj_bb: [296, 144, 85, 100]
  obj_id: 12
71:
- cam_R_m2c: [0.04842610, -0.99882197, 0.00298230, -0.75403398, -0.03851580, -0.65570498, 0.65504801, 0.02950450, -0.75501102]
  cam_t_m2c: [75.08484262, 91.46756075, 1006.13029696]
  obj_bb: [337, 259, 60, 70]
  obj_id: 12
72:
- cam_R_m2c: [-0.04404950, -0.99841100, 0.03514110, -0.73732501, 0.00875561, -0.67548102, 0.67409998, -0.05566500, -0.73653901]
  cam_t_m2c: [18.55691386, 129.17229009, 1042.37273604]
  obj_bb: [306, 280, 59, 67]
  obj_id: 12
73:
- cam_R_m2c: [-0.12394600, -0.98925698, 0.07751500, -0.77399600, 0.04750060, -0.63140601, 0.62094098, -0.13825700, -0.77156800]
  cam_t_m2c: [-6.59887448, 113.15871629, 1048.60454140]
  obj_bb: [292, 271, 59, 66]
  obj_id: 12
74:
- cam_R_m2c: [-0.15868700, -0.98710603, 0.02097730, -0.74787003, 0.10630200, -0.65527898, 0.64459997, -0.11967300, -0.75509602]
  cam_t_m2c: [12.83606282, 115.18296379, 1008.55283431]
  obj_bb: [300, 273, 65, 70]
  obj_id: 12
75:
- cam_R_m2c: [-0.11898000, -0.99093002, 0.06245710, -0.78585202, 0.05553560, -0.61591601, 0.60686201, -0.12236300, -0.78533202]
  cam_t_m2c: [-5.81094402, 62.24073308, 909.62733250]
  obj_bb: [287, 243, 69, 77]
  obj_id: 12
76:
- cam_R_m2c: [-0.02984010, -0.99814999, 0.05297130, -0.80736703, -0.00717486, -0.59000701, 0.58929503, -0.06037310, -0.80565900]
  cam_t_m2c: [38.32349457, 17.59350858, 827.36509403]
  obj_bb: [314, 212, 73, 84]
  obj_id: 12
77:
- cam_R_m2c: [-0.01063790, -0.99978000, 0.01807440, -0.85476899, -0.00028790, -0.51900798, 0.51889902, -0.02097060, -0.85457802]
  cam_t_m2c: [25.75325785, -54.39837995, 694.66417848]
  obj_bb: [302, 146, 87, 100]
  obj_id: 12
78:
- cam_R_m2c: [-0.04966450, -0.99201500, -0.11592500, -0.58759803, 0.12287700, -0.79976898, 0.80762702, 0.02839750, -0.58900899]
  cam_t_m2c: [120.58724024, 16.65117494, 1060.86421948]
  obj_bb: [359, 218, 64, 68]
  obj_id: 12
79:
- cam_R_m2c: [-0.03183770, -0.99014002, -0.13641600, -0.62317300, 0.12637299, -0.77180600, 0.78143501, 0.06043820, -0.62105203]
  cam_t_m2c: [135.98046436, -16.97256288, 1005.97506443]
  obj_bb: [370, 198, 67, 71]
  obj_id: 12
80:
- cam_R_m2c: [-0.12333000, -0.96367002, -0.23691601, -0.57382900, 0.26403099, -0.77524698, 0.80963600, 0.04033840, -0.58554500]
  cam_t_m2c: [96.53910541, 11.91830618, 907.98017785]
  obj_bb: [347, 210, 81, 82]
  obj_id: 12
81:
- cam_R_m2c: [0.08122110, -0.99668503, -0.00460526, -0.65386099, -0.04979550, -0.75497401, 0.75224298, 0.06433100, -0.65573800]
  cam_t_m2c: [104.12486386, -7.90835273, 808.55817622]
  obj_bb: [360, 193, 76, 88]
  obj_id: 12
82:
- cam_R_m2c: [0.13566799, -0.99048197, 0.02321060, -0.65908402, -0.10771800, -0.74431503, 0.73973203, 0.08568190, -0.66742498]
  cam_t_m2c: [105.21001824, -7.41490754, 766.44822943]
  obj_bb: [362, 190, 82, 94]
  obj_id: 12
83:
- cam_R_m2c: [-0.01503050, -0.99688798, -0.07738050, -0.75938100, 0.06172630, -0.64771199, 0.65047300, 0.04902580, -0.75794601]
  cam_t_m2c: [55.55698504, -33.06294911, 700.33309815]
  obj_bb: [325, 164, 92, 102]
  obj_id: 12
84:
- cam_R_m2c: [0.23115100, -0.96718901, 0.10543100, -0.47494900, -0.20675200, -0.85538101, 0.84911299, 0.14764801, -0.50715601]
  cam_t_m2c: [56.95720540, -84.16300061, 1061.17465962]
  obj_bb: [323, 164, 64, 66]
  obj_id: 12
85:
- cam_R_m2c: [0.28729099, -0.95349002, 0.09122310, -0.42828101, -0.21306001, -0.87816900, 0.85676098, 0.21322100, -0.46957099]
  cam_t_m2c: [100.23850850, -38.66366895, 1019.18156300]
  obj_bb: [347, 187, 67, 69]
  obj_id: 12
86:
- cam_R_m2c: [0.27712801, -0.95865399, 0.06467250, -0.43512800, -0.18522900, -0.88110900, 0.85665798, 0.21604000, -0.46847001]
  cam_t_m2c: [92.30791604, -37.17121594, 1000.52957611]
  obj_bb: [343, 187, 68, 69]
  obj_id: 12
87:
- cam_R_m2c: [0.14381500, -0.98816401, -0.05338640, -0.44755301, -0.01683130, -0.89409900, 0.88261700, 0.15247799, -0.44467601]
  cam_t_m2c: [27.55226710, -11.04659142, 927.69913530]
  obj_bb: [306, 200, 69, 72]
  obj_id: 12
88:
- cam_R_m2c: [0.00595211, -0.97269201, -0.23202400, -0.42689201, 0.20735200, -0.88020903, 0.90428299, 0.10428900, -0.41400000]
  cam_t_m2c: [-8.33458325, 15.26435641, 880.92698886]
  obj_bb: [283, 213, 77, 81]
  obj_id: 12
89:
- cam_R_m2c: [-0.04708780, -0.91831601, -0.39303699, -0.44818500, 0.37106699, -0.81329000, 0.89270002, 0.13785701, -0.42904800]
  cam_t_m2c: [-3.68385783, 1.96410456, 824.18043268]
  obj_bb: [281, 200, 89, 91]
  obj_id: 12
90:
- cam_R_m2c: [-0.00965402, -0.97500300, -0.22198400, -0.55975097, 0.18922301, -0.80676800, 0.82860500, 0.11646700, -0.54758501]
  cam_t_m2c: [-18.90536332, -46.71132220, 716.36984028]
  obj_bb: [265, 156, 95, 101]
  obj_id: 12
91:
- cam_R_m2c: [0.19820599, -0.97653800, 0.08418810, -0.63085198, -0.19283500, -0.75155902, 0.75015998, 0.09585330, -0.65427202]
  cam_t_m2c: [-57.81067191, -114.36589507, 1063.39930480]
  obj_bb: [261, 146, 64, 69]
  obj_id: 12
92:
- cam_R_m2c: [0.21851400, -0.97331703, 0.07003670, -0.64530498, -0.19796500, -0.73782802, 0.73200601, 0.11603100, -0.67134500]
  cam_t_m2c: [-63.68653732, -109.73170295, 1013.02877743]
  obj_bb: [255, 144, 67, 72]
  obj_id: 12
93:
- cam_R_m2c: [0.30566201, -0.94344801, 0.12836200, -0.58570898, -0.29260001, -0.75586402, 0.75067699, 0.15585600, -0.64202201]
  cam_t_m2c: [-15.10582301, -53.96948355, 915.66643952]
  obj_bb: [277, 168, 77, 82]
  obj_id: 12
94:
- cam_R_m2c: [0.22550800, -0.97016501, 0.08902840, -0.56983799, -0.20546900, -0.79565501, 0.79020900, 0.12869500, -0.59917200]
  cam_t_m2c: [-38.21041838, -2.08104924, 816.62072662]
  obj_bb: [255, 196, 84, 91]
  obj_id: 12
95:
- cam_R_m2c: [0.11206100, -0.98564798, -0.12625299, -0.63116997, 0.02753100, -0.77515602, 0.76750702, 0.16655201, -0.61902702]
  cam_t_m2c: [-22.25028007, 2.95176465, 717.56325795]
  obj_bb: [261, 196, 91, 98]
  obj_id: 12
96:
- cam_R_m2c: [0.17817700, -0.96771199, 0.17828700, -0.69575202, -0.25202301, -0.67261600, 0.69583201, -0.00419939, -0.71819299]
  cam_t_m2c: [-124.37301447, -13.75316448, 951.34020367]
  obj_bb: [213, 194, 73, 80]
  obj_id: 12
97:
- cam_R_m2c: [0.22223701, -0.94513398, 0.23944300, -0.67012697, -0.32645100, -0.66660303, 0.70819598, -0.01231330, -0.70590901]
  cam_t_m2c: [-127.34257748, -16.58132723, 907.38925328]
  obj_bb: [204, 189, 80, 86]
  obj_id: 12
98:
- cam_R_m2c: [0.20955800, -0.95713699, 0.19993600, -0.66168398, -0.28935900, -0.69169801, 0.71990299, 0.01265630, -0.69395900]
  cam_t_m2c: [-112.47664932, 2.48384340, 799.00175992]
  obj_bb: [199, 196, 89, 97]
  obj_id: 12
99:
- cam_R_m2c: [0.05561820, -0.99671298, 0.05891120, -0.42738801, -0.07708970, -0.90077603, 0.90235603, 0.02492160, -0.43026999]
  cam_t_m2c: [-90.48507613, 90.20924717, 1064.46237030]
  obj_bb: [245, 259, 60, 65]
  obj_id: 12
100:
- cam_R_m2c: [0.03087770, -0.99736297, 0.06567960, -0.53508002, -0.07199630, -0.84172797, 0.84423703, -0.00915322, -0.53589201]
  cam_t_m2c: [-163.54551063, 27.52288101, 995.28252982]
  obj_bb: [196, 223, 66, 71]
  obj_id: 12
101:
- cam_R_m2c: [0.02947200, -0.99494702, 0.09598090, -0.57449001, -0.09543930, -0.81292897, 0.81798100, -0.03118140, -0.57439899]
  cam_t_m2c: [-169.10297927, 19.24995754, 1009.66487270]
  obj_bb: [195, 218, 65, 71]
  obj_id: 12
102:
- cam_R_m2c: [0.13989300, -0.97183001, 0.18967199, -0.56435400, -0.23565300, -0.79118401, 0.81359297, 0.00363837, -0.58142298]
  cam_t_m2c: [-112.87373992, 23.41395066, 910.91707291]
  obj_bb: [215, 216, 76, 83]
  obj_id: 12
103:
- cam_R_m2c: [0.10423500, -0.99455303, 0.00018702, -0.58149201, -0.06109640, -0.81125498, 0.80684698, 0.08445240, -0.58469301]
  cam_t_m2c: [-51.18640103, 31.08984829, 801.66175470]
  obj_bb: [246, 221, 80, 88]
  obj_id: 12
104:
- cam_R_m2c: [0.33126500, -0.93715203, 0.10958600, -0.60680401, -0.30054000, -0.73584300, 0.72253197, 0.17726199, -0.66822600]
  cam_t_m2c: [-126.85186364, -94.29947681, 1033.92109293]
  obj_bb: [220, 154, 69, 73]
  obj_id: 12
105:
- cam_R_m2c: [0.35422999, -0.92966700, 0.10120000, -0.58992398, -0.30611300, -0.74718499, 0.72561097, 0.20497499, -0.65686703]
  cam_t_m2c: [-106.04840193, -74.12828260, 1012.54295041]
  obj_bb: [229, 163, 71, 75]
  obj_id: 12
106:
- cam_R_m2c: [0.23843700, -0.96298701, 0.12571800, -0.69056797, -0.25913900, -0.67524999, 0.68283498, 0.07418790, -0.72679597]
  cam_t_m2c: [-152.55411906, -49.29219863, 1044.04845196]
  obj_bb: [207, 179, 67, 73]
  obj_id: 12
107:
- cam_R_m2c: [0.03331830, -0.97761899, -0.20773000, -0.73830801, 0.11601600, -0.66441000, 0.67364001, 0.17550600, -0.71791899]
  cam_t_m2c: [-36.58393251, -8.89289109, 717.44066925]
  obj_bb: [251, 185, 93, 100]
  obj_id: 12
108:
- cam_R_m2c: [0.04712810, -0.97064900, -0.23583899, -0.74299198, 0.12374200, -0.65776199, 0.66763902, 0.20622601, -0.71535200]
  cam_t_m2c: [-30.31561578, -13.82237344, 695.00146307]
  obj_bb: [254, 179, 96, 104]
  obj_id: 12
109:
- cam_R_m2c: [0.72237098, -0.69150001, 0.00292421, -0.54561400, -0.57256001, -0.61194903, 0.42483601, 0.44045800, -0.79089200]
  cam_t_m2c: [-55.82925267, -59.23849022, 1055.62476817]
  obj_bb: [261, 171, 67, 78]
  obj_id: 12
110:
- cam_R_m2c: [0.73827899, -0.67449498, 0.00005281, -0.54281098, -0.59418899, -0.59354401, 0.40037400, 0.43817300, -0.80480099]
  cam_t_m2c: [-38.62344974, -76.58348392, 1015.25179914]
  obj_bb: [269, 159, 69, 81]
  obj_id: 12
111:
- cam_R_m2c: [0.64257401, -0.75680602, -0.11976200, -0.65582901, -0.46241099, -0.59671098, 0.39621499, 0.46197399, -0.79346901]
  cam_t_m2c: [-31.37708426, -55.61618644, 909.54702638]
  obj_bb: [267, 163, 79, 89]
  obj_id: 12
112:
- cam_R_m2c: [0.73456198, -0.67852801, -0.00434533, -0.54822701, -0.58970302, -0.59304100, 0.39983299, 0.43800801, -0.80515999]
  cam_t_m2c: [-23.50684166, -49.73476034, 815.91800337]
  obj_bb: [265, 157, 88, 101]
  obj_id: 12
113:
- cam_R_m2c: [0.83106899, -0.53094798, 0.16558300, -0.33716100, -0.71774203, -0.60923600, 0.44231901, 0.45048901, -0.77550900]
  cam_t_m2c: [-15.07081489, -38.62164596, 709.69795812]
  obj_bb: [264, 155, 102, 115]
  obj_id: 12
114:
- cam_R_m2c: [0.72623801, -0.68517298, -0.05583430, -0.59137100, -0.58126700, -0.55893600, 0.35051301, 0.43893901, -0.82732898]
  cam_t_m2c: [-29.54295447, -62.17198923, 691.30397181]
  obj_bb: [250, 131, 102, 119]
  obj_id: 12
115:
- cam_R_m2c: [0.75718200, -0.65295601, -0.01801070, -0.56739002, -0.64379603, -0.51341599, 0.32364199, 0.39896801, -0.85795099]
  cam_t_m2c: [-17.23330565, -93.89726076, 712.99270025]
  obj_bb: [262, 108, 100, 117]
  obj_id: 12
116:
- cam_R_m2c: [0.47584501, -0.87948698, 0.00857722, -0.70874101, -0.38920200, -0.58839399, 0.52082402, 0.27390599, -0.80852902]
  cam_t_m2c: [-130.39452653, -104.61636930, 1052.30021612]
  obj_bb: [220, 148, 68, 75]
  obj_id: 12
117:
- cam_R_m2c: [0.50173497, -0.86495101, 0.01105450, -0.68721300, -0.40632999, -0.60219198, 0.52535802, 0.29454401, -0.79827499]
  cam_t_m2c: [-114.99357409, -75.48381023, 1007.37197423]
  obj_bb: [224, 160, 71, 79]
  obj_id: 12
118:
- cam_R_m2c: [0.58192199, -0.81057900, -0.06578510, -0.66151100, -0.42474401, -0.61805803, 0.47304299, 0.40317899, -0.78337502]
  cam_t_m2c: [1.68520792, -73.24657246, 716.04812609]
  obj_bb: [276, 129, 99, 111]
  obj_id: 12
119:
- cam_R_m2c: [0.59122401, -0.80529499, 0.04420860, -0.56400400, -0.45201400, -0.69107401, 0.57650101, 0.38364601, -0.72143102]
  cam_t_m2c: [-84.62935816, -133.90728098, 1059.63613893]
  obj_bb: [245, 133, 68, 74]
  obj_id: 12
120:
- cam_R_m2c: [0.69435197, -0.71937603, 0.01933020, -0.54148102, -0.53996098, -0.64439201, 0.47399700, 0.43696800, -0.76445103]
  cam_t_m2c: [1.99298523, -165.20036731, 1027.73537854]
  obj_bb: [291, 111, 71, 78]
  obj_id: 12
121:
- cam_R_m2c: [0.71332198, -0.70083302, -0.00205042, -0.51120198, -0.51830602, -0.68558800, 0.47942001, 0.49009299, -0.72798699]
  cam_t_m2c: [10.80155043, -103.87549456, 1001.85550752]
  obj_bb: [296, 144, 72, 79]
  obj_id: 12
122:
- cam_R_m2c: [0.72617900, -0.68704599, 0.02514850, -0.48730701, -0.54017699, -0.68610603, 0.48497000, 0.48598099, -0.72706699]
  cam_t_m2c: [11.99353357, -93.54250858, 913.26849753]
  obj_bb: [294, 140, 79, 88]
  obj_id: 12
123:
- cam_R_m2c: [0.64752299, -0.76186001, -0.01684220, -0.53892601, -0.44219700, -0.71695203, 0.53877002, 0.47332001, -0.69691902]
  cam_t_m2c: [-40.24621630, -43.07397920, 818.38204519]
  obj_bb: [253, 165, 87, 96]
  obj_id: 12
124:
- cam_R_m2c: [0.76457602, -0.64283401, 0.04676970, -0.44123700, -0.57493001, -0.68903202, 0.46982300, 0.50618100, -0.72321999]
  cam_t_m2c: [19.16685701, -62.50960573, 714.18759507]
  obj_bb: [291, 137, 102, 113]
  obj_id: 12
125:
- cam_R_m2c: [0.81311297, -0.58065099, 0.04113200, -0.50442499, -0.73810899, -0.44805101, 0.29052100, 0.34356800, -0.89306098]
  cam_t_m2c: [-55.98193911, -109.39752166, 1017.79517356]
  obj_bb: [260, 139, 68, 83]
  obj_id: 12
126:
- cam_R_m2c: [0.83073503, -0.55649799, 0.01376920, -0.51268601, -0.77450001, -0.37054601, 0.21687201, 0.30076599, -0.92871201]
  cam_t_m2c: [-42.99859172, -125.40241229, 995.12420787]
  obj_bb: [266, 128, 70, 84]
  obj_id: 12
127:
- cam_R_m2c: [0.84982902, -0.52705300, 0.00251117, -0.49198800, -0.79497999, -0.35490099, 0.18904801, 0.30037001, -0.93489999]
  cam_t_m2c: [-25.43162448, -117.10953604, 1008.34301264]
  obj_bb: [277, 134, 68, 83]
  obj_id: 12
128:
- cam_R_m2c: [0.89850700, -0.43861499, 0.01737500, -0.41566101, -0.86287600, -0.28752401, 0.14110500, 0.25112000, -0.95761597]
  cam_t_m2c: [2.81545305, -135.56370923, 898.63975702]
  obj_bb: [291, 109, 75, 93]
  obj_id: 12
129:
- cam_R_m2c: [0.77802098, -0.62691802, 0.04069140, -0.51592898, -0.67455298, -0.52801102, 0.35846800, 0.38981000, -0.84826201]
  cam_t_m2c: [-79.66379477, -3.78487701, 802.29457480]
  obj_bb: [225, 188, 87, 104]
  obj_id: 12
130:
- cam_R_m2c: [0.87316102, -0.47982600, 0.08577800, -0.38951001, -0.79265499, -0.46902001, 0.29304001, 0.37611899, -0.87901199]
  cam_t_m2c: [-41.53455695, -49.93258373, 709.06275528]
  obj_bb: [245, 144, 97, 117]
  obj_id: 12
131:
- cam_R_m2c: [0.62816697, -0.77153403, 0.10070500, -0.55731702, -0.53647298, -0.63371402, 0.54295802, 0.34195399, -0.76698399]
  cam_t_m2c: [-179.26586982, 48.74349276, 1012.15197137]
  obj_bb: [188, 229, 71, 82]
  obj_id: 12
132:
- cam_R_m2c: [0.63001198, -0.76824898, 0.11348000, -0.57845002, -0.56173402, -0.59148097, 0.51815099, 0.30699700, -0.79829401]
  cam_t_m2c: [-189.09243689, 17.61384807, 987.39317980]
  obj_bb: [178, 211, 74, 83]
  obj_id: 12
133:
- cam_R_m2c: [0.58226502, -0.79790002, -0.15596101, -0.76858801, -0.47769800, -0.42553100, 0.26502901, 0.36764199, -0.89140302]
  cam_t_m2c: [-31.08350261, -76.53324190, 691.67237764]
  obj_bb: [249, 120, 104, 116]
  obj_id: 12
134:
- cam_R_m2c: [0.42493099, -0.90294403, -0.06423290, -0.86030602, -0.38075200, -0.33897099, 0.28161499, 0.19929899, -0.93860197]
  cam_t_m2c: [-132.65472719, 15.71688220, 1030.82950189]
  obj_bb: [217, 214, 69, 73]
  obj_id: 12
135:
- cam_R_m2c: [0.51802498, -0.84943998, -0.10050900, -0.81555098, -0.45505899, -0.35748801, 0.25792700, 0.26715800, -0.92849398]
  cam_t_m2c: [-108.18255064, 20.25754892, 1004.84722911]
  obj_bb: [228, 214, 72, 78]
  obj_id: 12
136:
- cam_R_m2c: [0.46381000, -0.88441700, -0.05183180, -0.81712800, -0.40444899, -0.41075999, 0.34232000, 0.23286800, -0.91026902]
  cam_t_m2c: [-113.85637647, 32.31688102, 1008.41432291]
  obj_bb: [225, 222, 71, 76]
  obj_id: 12
137:
- cam_R_m2c: [0.68997502, -0.71301001, -0.12470500, -0.67856199, -0.57717800, -0.45433301, 0.25196701, 0.39809901, -0.88205999]
  cam_t_m2c: [-49.41095383, 85.19845543, 971.44418669]
  obj_bb: [260, 250, 74, 84]
  obj_id: 12
138:
- cam_R_m2c: [0.63187402, -0.76898998, -0.09690520, -0.75844401, -0.58770901, -0.28171000, 0.15967999, 0.25150201, -0.95459300]
  cam_t_m2c: [-93.61060376, 0.03598695, 910.30880496]
  obj_bb: [228, 198, 79, 86]
  obj_id: 12
139:
- cam_R_m2c: [0.60918099, -0.78784400, -0.09055440, -0.77875501, -0.57273299, -0.25596499, 0.14979701, 0.22644900, -0.96243501]
  cam_t_m2c: [-102.06866275, 9.20667070, 897.41419170]
  obj_bb: [221, 203, 81, 87]
  obj_id: 12
140:
- cam_R_m2c: [0.58110201, -0.81084400, -0.06965020, -0.80280501, -0.55708700, -0.21250500, 0.13350700, 0.17940301, -0.97467500]
  cam_t_m2c: [-116.63205311, 10.39412637, 905.28383916]
  obj_bb: [212, 205, 80, 85]
  obj_id: 12
141:
- cam_R_m2c: [0.53336501, -0.84584898, -0.00777885, -0.82435697, -0.51770699, -0.22894301, 0.18962400, 0.12852301, -0.97340900]
  cam_t_m2c: [-138.97686883, 47.77106176, 969.83092187]
  obj_bb: [206, 230, 74, 78]
  obj_id: 12
142:
- cam_R_m2c: [0.45886001, -0.88796699, -0.03101690, -0.87453002, -0.44519800, -0.19234100, 0.15698400, 0.11538300, -0.98083800]
  cam_t_m2c: [-111.51926549, 40.46136848, 1006.77163892]
  obj_bb: [226, 228, 71, 72]
  obj_id: 12
143:
- cam_R_m2c: [0.36536801, -0.92631298, -0.09193100, -0.90733099, -0.33232400, -0.25751099, 0.20798500, 0.17749800, -0.96189201]
  cam_t_m2c: [-103.64231933, 34.15946088, 791.62911493]
  obj_bb: [206, 220, 89, 91]
  obj_id: 12
144:
- cam_R_m2c: [0.41074699, -0.90480000, -0.11235300, -0.89642698, -0.37827000, -0.23093300, 0.16644800, 0.19557101, -0.96646100]
  cam_t_m2c: [-74.18531336, -12.42860184, 705.96641553]
  obj_bb: [216, 178, 99, 104]
  obj_id: 12
145:
- cam_R_m2c: [0.46327701, -0.88061601, -0.09944780, -0.86460602, -0.42449799, -0.26880699, 0.19450100, 0.21051501, -0.95804602]
  cam_t_m2c: [5.62285694, 34.32889070, 1034.89296911]
  obj_bb: [294, 224, 67, 72]
  obj_id: 12
146:
- cam_R_m2c: [0.43097699, -0.90004998, -0.06456220, -0.87580299, -0.39998901, -0.27014300, 0.21731800, 0.17296900, -0.96065301]
  cam_t_m2c: [18.69370296, 57.85777629, 1004.51529750]
  obj_bb: [300, 238, 70, 73]
  obj_id: 12
147:
- cam_R_m2c: [0.13374400, -0.97686899, -0.16684900, -0.95862502, -0.08483360, -0.27173799, 0.25129801, 0.19628900, -0.94779700]
  cam_t_m2c: [2.74945155, 59.49438297, 901.33942286]
  obj_bb: [291, 244, 70, 70]
  obj_id: 12
148:
- cam_R_m2c: [-0.00764562, -0.98572499, -0.16818900, -0.97220600, 0.04668650, -0.22942600, 0.23400301, 0.16176000, -0.95868498]
  cam_t_m2c: [-28.41188672, 22.55492437, 788.53434744]
  obj_bb: [262, 218, 86, 78]
  obj_id: 12
149:
- cam_R_m2c: [-0.01020590, -0.99256402, -0.12129800, -0.97905302, 0.03458760, -0.20064799, 0.20335101, 0.11671000, -0.97212499]
  cam_t_m2c: [-52.58688051, 3.92313592, 708.72554789]
  obj_bb: [235, 201, 95, 85]
  obj_id: 12
150:
- cam_R_m2c: [-0.50823098, -0.85970098, 0.05113750, -0.84970701, 0.49087501, -0.19245900, 0.14035501, -0.14126500, -0.97997200]
  cam_t_m2c: [46.98247601, 31.83505227, 1055.57052927]
  obj_bb: [315, 224, 68, 69]
  obj_id: 12
151:
- cam_R_m2c: [-0.57640100, -0.81625301, 0.03865260, -0.80653203, 0.56065601, -0.18753900, 0.13140900, -0.13927200, -0.98149598]
  cam_t_m2c: [56.19282601, -22.22281524, 995.59920289]
  obj_bb: [320, 191, 72, 75]
  obj_id: 12
152:
- cam_R_m2c: [-0.53784800, -0.84199500, 0.04199220, -0.83534199, 0.52555799, -0.16122100, 0.11367800, -0.12179100, -0.98602402]
  cam_t_m2c: [39.55231517, -32.08936515, 905.48502656]
  obj_bb: [309, 180, 79, 82]
  obj_id: 12
153:
- cam_R_m2c: [-0.34280500, -0.93107301, 0.12485400, -0.93309402, 0.32209799, -0.15996300, 0.10872200, -0.17133600, -0.97919500]
  cam_t_m2c: [0.58209005, -24.66326938, 800.30816050]
  obj_bb: [281, 180, 85, 86]
  obj_id: 12
154:
- cam_R_m2c: [-0.28870201, -0.94489402, 0.15435700, -0.94791800, 0.25944000, -0.18477800, 0.13455001, -0.19966300, -0.97058302]
  cam_t_m2c: [-5.69884627, -9.21919802, 777.72718684]
  obj_bb: [275, 191, 87, 86]
  obj_id: 12
155:
- cam_R_m2c: [-0.17736700, -0.97254401, 0.15066200, -0.97431099, 0.15193699, -0.16623101, 0.13877600, -0.17627500, -0.97450900]
  cam_t_m2c: [6.53306606, -19.38489667, 724.37714234]
  obj_bb: [284, 181, 88, 87]
  obj_id: 12
156:
- cam_R_m2c: [-0.14420401, -0.97668099, 0.15905900, -0.98132801, 0.12047100, -0.14994000, 0.12728100, -0.17771100, -0.97581702]
  cam_t_m2c: [8.41864660, -29.29219682, 707.58936579]
  obj_bb: [285, 173, 89, 87]
  obj_id: 12
157:
- cam_R_m2c: [-0.11877700, -0.98038203, 0.15730201, -0.98430097, 0.09542940, -0.14847501, 0.13055100, -0.17246801, -0.97632498]
  cam_t_m2c: [15.35241650, -23.50496842, 696.85890646]
  obj_bb: [291, 177, 89, 88]
  obj_id: 12
158:
- cam_R_m2c: [-0.11410500, -0.99157101, 0.06137600, -0.98581302, 0.10535500, -0.13066299, 0.12309500, -0.07541460, -0.98952502]
  cam_t_m2c: [32.45753177, -37.81926951, 1035.31792663]
  obj_bb: [312, 191, 60, 58]
  obj_id: 12
159:
- cam_R_m2c: [-0.13283201, -0.98984098, 0.05069970, -0.97178501, 0.12000800, -0.20305900, 0.19491100, -0.07624180, -0.97785300]
  cam_t_m2c: [42.43391701, -5.97061589, 1008.24368172]
  obj_bb: [317, 207, 62, 62]
  obj_id: 12
160:
- cam_R_m2c: [-0.09690090, -0.99005598, 0.10197800, -0.97338098, 0.07288730, -0.21729299, 0.20769900, -0.12031900, -0.97076499]
  cam_t_m2c: [-1.94198676, 37.79066673, 907.33320434]
  obj_bb: [289, 231, 67, 67]
  obj_id: 12
161:
- cam_R_m2c: [0.02939370, -0.99535400, 0.09168880, -0.98891598, -0.04231340, -0.14231700, 0.14553601, -0.08648930, -0.98556501]
  cam_t_m2c: [8.17834830, 8.18670411, 709.67779970]
  obj_bb: [288, 205, 88, 85]
  obj_id: 12
162:
- cam_R_m2c: [-0.01113700, -0.99993497, 0.00228558, -0.99800998, 0.01097360, -0.06209400, 0.06206490, -0.00297257, -0.99806798]
  cam_t_m2c: [-45.16751001, 19.40296042, 1023.67751934]
  obj_bb: [269, 225, 61, 56]
  obj_id: 12
163:
- cam_R_m2c: [-0.01982290, -0.99976498, 0.00882265, -0.99727201, 0.01914450, -0.07128480, 0.07109910, -0.01021170, -0.99741697]
  cam_t_m2c: [-43.59658011, 26.09718674, 1008.74764117]
  obj_bb: [269, 229, 62, 57]
  obj_id: 12
164:
- cam_R_m2c: [-0.03452670, -0.99927700, 0.01592650, -0.99442202, 0.03276110, -0.10025700, 0.09966250, -0.01929920, -0.99483401]
  cam_t_m2c: [-44.49769930, 32.09796823, 1003.39918958]
  obj_bb: [268, 232, 63, 57]
  obj_id: 12
165:
- cam_R_m2c: [-0.00917004, -0.99989098, -0.01154410, -0.99806100, 0.00986281, -0.06145900, 0.06156610, 0.01095810, -0.99804300]
  cam_t_m2c: [-22.58837058, 15.18058032, 910.47200861]
  obj_bb: [276, 220, 69, 63]
  obj_id: 12
166:
- cam_R_m2c: [-0.06204520, -0.99776101, -0.02497790, -0.98747200, 0.06500490, -0.14378600, 0.14508700, 0.01574370, -0.98929399]
  cam_t_m2c: [-21.91382412, 69.79782324, 1054.09722751]
  obj_bb: [282, 252, 62, 56]
  obj_id: 12
167:
- cam_R_m2c: [-0.10283800, -0.99466598, -0.00803881, -0.98122799, 0.10276800, -0.16318700, 0.16314299, -0.00889400, -0.98656201]
  cam_t_m2c: [-33.29414289, 47.27524549, 904.15138839]
  obj_bb: [267, 238, 73, 66]
  obj_id: 12
168:
- cam_R_m2c: [-0.02806700, -0.99681997, 0.07457720, -0.98792899, 0.01629170, -0.15404600, 0.15234201, -0.07800060, -0.98524499]
  cam_t_m2c: [-70.71183802, 30.26051277, 793.48734638]
  obj_bb: [234, 226, 78, 75]
  obj_id: 12
169:
- cam_R_m2c: [0.01275890, -0.99557501, 0.09310060, -0.99191600, -0.02435770, -0.12453300, 0.12625000, -0.09075910, -0.98783797]
  cam_t_m2c: [-85.24834869, 4.03160370, 704.44571726]
  obj_bb: [210, 202, 88, 85]
  obj_id: 12
170:
- cam_R_m2c: [-0.42482400, -0.90527600, 0.00052113, -0.74038398, 0.34711301, -0.57562500, 0.52091902, -0.24492501, -0.81771302]
  cam_t_m2c: [186.83173739, 34.76160922, 1044.67274696]
  obj_bb: [391, 225, 70, 74]
  obj_id: 12
171:
- cam_R_m2c: [-0.50996703, -0.86002803, -0.01690860, -0.70599103, 0.42969701, -0.56297100, 0.49143600, -0.27516001, -0.82630402]
  cam_t_m2c: [146.97945854, 0.01645010, 999.27143253]
  obj_bb: [371, 203, 73, 79]
  obj_id: 12
172:
- cam_R_m2c: [-0.68828201, -0.72448403, -0.03730530, -0.59274000, 0.59127998, -0.54685199, 0.41824400, -0.35427600, -0.83639699]
  cam_t_m2c: [7.54010583, -7.20693007, 908.31598019]
  obj_bb: [288, 194, 80, 90]
  obj_id: 12
173:
- cam_R_m2c: [-0.40963301, -0.89615297, 0.17061999, -0.84175199, 0.29921100, -0.44936201, 0.35164499, -0.32769299, -0.87690502]
  cam_t_m2c: [-4.54578941, -44.43172822, 808.99163004]
  obj_bb: [276, 165, 87, 92]
  obj_id: 12
174:
