0:
- cam_R_m2c: [-0.02828650, -0.99933499, -0.02303100, -0.91745299, 0.03510190, -0.39629301, 0.39683801, 0.00992011, -0.91783500]
  cam_t_m2c: [33.86063698, -25.24766882, 1038.30894400]
  obj_bb: [313, 178, 64, 125]
  obj_id: 13
1:
- cam_R_m2c: [-0.00735917, -0.99657601, -0.08235070, -0.93461800, 0.03613840, -0.35381100, 0.35557601, 0.07436270, -0.93168402]
  cam_t_m2c: [81.87806760, -69.06563731, 990.48125867]
  obj_bb: [341, 150, 67, 130]
  obj_id: 13
2:
- cam_R_m2c: [0.11543400, -0.99270397, -0.03484580, -0.92271698, -0.09417520, -0.37379599, 0.36778700, 0.07530180, -0.92685598]
  cam_t_m2c: [89.09301169, -94.57807778, 882.92242796]
  obj_bb: [340, 122, 77, 148]
  obj_id: 13
3:
- cam_R_m2c: [0.26705199, -0.96360600, -0.01210570, -0.89064503, -0.24199601, -0.38495401, 0.36801401, 0.11358500, -0.92285699]
  cam_t_m2c: [114.97003826, -76.32592661, 784.51905556]
  obj_bb: [351, 122, 93, 167]
  obj_id: 13
4:
- cam_R_m2c: [0.30817300, -0.95063800, 0.03629440, -0.89196301, -0.30199799, -0.33645099, 0.33080399, 0.07131210, -0.94100100]
  cam_t_m2c: [94.39924521, -117.17126147, 714.92787945]
  obj_bb: [332, 78, 106, 183]
  obj_id: 13
5:
- cam_R_m2c: [0.62000000, -0.78213698, 0.06214020, -0.64531797, -0.55338299, -0.52662200, 0.44627801, 0.28640601, -0.84782499]
  cam_t_m2c: [-22.56514080, -83.11002918, 996.83275654]
  obj_bb: [244, 152, 112, 116]
  obj_id: 13
6:
- cam_R_m2c: [0.63975602, -0.76797199, 0.03053580, -0.65689403, -0.56698501, -0.49700999, 0.39900300, 0.29790601, -0.86720800]
  cam_t_m2c: [-3.37253712, -110.72390993, 946.89768720]
  obj_bb: [252, 131, 118, 121]
  obj_id: 13
7:
- cam_R_m2c: [0.73065197, -0.67477000, 0.10408600, -0.55918002, -0.67888999, -0.47584200, 0.39174601, 0.28947201, -0.87335002]
  cam_t_m2c: [12.38469424, -125.59970685, 884.84600847]
  obj_bb: [251, 118, 135, 120]
  obj_id: 13
8:
- cam_R_m2c: [0.84183699, -0.52101398, 0.14090499, -0.41006500, -0.78715903, -0.46068099, 0.35093600, 0.33003899, -0.87630999]
  cam_t_m2c: [64.62520405, -131.35681959, 818.20161809]
  obj_bb: [276, 111, 154, 113]
  obj_id: 13
9:
- cam_R_m2c: [0.85857099, -0.48760301, 0.15842700, -0.37710899, -0.80995601, -0.44917801, 0.34733900, 0.32590699, -0.87928402]
  cam_t_m2c: [66.36256547, -136.74215048, 785.54623361]
  obj_bb: [274, 103, 162, 114]
  obj_id: 13
10:
- cam_R_m2c: [0.87523901, -0.44900501, 0.17986600, -0.35318300, -0.84732902, -0.39660501, 0.33048299, 0.28359899, -0.90019602]
  cam_t_m2c: [31.61407860, -174.65312098, 679.51847372]
  obj_bb: [236, 49, 190, 131]
  obj_id: 13
11:
- cam_R_m2c: [0.41166100, -0.90481102, -0.10886800, -0.84064901, -0.33088100, -0.42875099, 0.35191599, 0.26802000, -0.89683902]
  cam_t_m2c: [100.03907182, -99.87336419, 1036.16513206]
  obj_bb: [330, 140, 85, 124]
  obj_id: 13
12:
- cam_R_m2c: [0.40159100, -0.90619099, -0.13244900, -0.84766799, -0.31305200, -0.42831999, 0.34667599, 0.28428200, -0.89386803]
  cam_t_m2c: [99.15434546, -94.91766461, 987.64941661]
  obj_bb: [331, 137, 88, 131]
  obj_id: 13
13:
- cam_R_m2c: [0.46919701, -0.87506801, -0.11878900, -0.82078803, -0.38249999, -0.42426500, 0.32582399, 0.29656401, -0.89771301]
  cam_t_m2c: [103.99224002, -109.34742387, 883.77835911]
  obj_bb: [330, 116, 104, 145]
  obj_id: 13
14:
- cam_R_m2c: [0.59031802, -0.80679101, -0.02476100, -0.75260299, -0.53906399, -0.37815100, 0.29174101, 0.24186499, -0.92541301]
  cam_t_m2c: [77.47220647, -145.15676919, 766.02786270]
  obj_bb: [300, 74, 133, 159]
  obj_id: 13
15:
- cam_R_m2c: [0.64039499, -0.76152998, 0.09983370, -0.64913303, -0.60612899, -0.45960301, 0.41051301, 0.22952200, -0.88249600]
  cam_t_m2c: [25.17656508, -122.77218350, 755.37932540]
  obj_bb: [253, 95, 144, 150]
  obj_id: 13
16:
- cam_R_m2c: [-0.22525500, -0.96855003, -0.10569100, -0.85723001, 0.24857500, -0.45096299, 0.46305299, -0.01098010, -0.88626301]
  cam_t_m2c: [114.43155369, -84.94978915, 999.11640530]
  obj_bb: [360, 143, 78, 130]
  obj_id: 13
17:
- cam_R_m2c: [-0.21640600, -0.96849197, -0.12325300, -0.85497600, 0.24894799, -0.45501700, 0.47136399, 0.00691022, -0.88191199]
  cam_t_m2c: [126.71189885, -81.79118915, 988.26154028]
  obj_bb: [368, 144, 78, 131]
  obj_id: 13
18:
- cam_R_m2c: [-0.19678999, -0.97366399, -0.11511700, -0.88173699, 0.22709700, -0.41348201, 0.42873499, 0.02013380, -0.90320599]
  cam_t_m2c: [108.09549942, -116.91870683, 866.64001521]
  obj_bb: [362, 106, 87, 151]
  obj_id: 13
19:
- cam_R_m2c: [-0.13529800, -0.98713499, -0.08519400, -0.89423800, 0.15868500, -0.41851801, 0.42665300, 0.01955910, -0.90420401]
  cam_t_m2c: [95.78972798, -113.68872901, 784.86288651]
  obj_bb: [356, 94, 91, 166]
  obj_id: 13
20:
- cam_R_m2c: [0.70336598, -0.70726299, -0.07110390, -0.63680500, -0.58251399, -0.50512999, 0.31584099, 0.40057099, -0.86010897]
  cam_t_m2c: [126.76795297, -46.72813585, 1033.13168687]
  obj_bb: [330, 176, 111, 111]
  obj_id: 13
21:
- cam_R_m2c: [0.73653001, -0.67140400, 0.08209910, -0.57675201, -0.68678802, -0.44235700, 0.35338500, 0.27845901, -0.89307302]
  cam_t_m2c: [17.29159215, -141.56763703, 781.20456322]
  obj_bb: [245, 89, 153, 137]
  obj_id: 13
22:
- cam_R_m2c: [0.54322100, -0.83251601, -0.10875600, -0.83459002, -0.52132100, -0.17800200, 0.09149260, 0.18746100, -0.97800201]
  cam_t_m2c: [69.93430589, -63.53794933, 1007.72011849]
  obj_bb: [307, 157, 100, 126]
  obj_id: 13
23:
- cam_R_m2c: [0.54834998, -0.82647699, -0.12746900, -0.83334899, -0.52737898, -0.16553301, 0.06958460, 0.19699600, -0.97793198]
  cam_t_m2c: [81.38910223, -77.31222367, 977.14794590]
  obj_bb: [313, 146, 104, 130]
  obj_id: 13
24:
- cam_R_m2c: [0.60239899, -0.78836399, -0.12489200, -0.79514498, -0.57903999, -0.18016000, 0.06971400, 0.20783500, -0.97567600]
  cam_t_m2c: [78.16061108, -73.86375833, 885.33860200]
  obj_bb: [307, 143, 120, 137]
  obj_id: 13
25:
- cam_R_m2c: [0.71828502, -0.68617803, -0.11500600, -0.69482601, -0.69895703, -0.16934100, 0.03581380, 0.20154400, -0.97882497]
  cam_t_m2c: [94.21799287, -110.08406292, 783.84142759]
  obj_bb: [309, 109, 150, 144]
  obj_id: 13
26:
- cam_R_m2c: [0.70994997, -0.69634801, -0.10521300, -0.70324898, -0.69301498, -0.15865301, 0.03756380, 0.18662700, -0.98171300]
  cam_t_m2c: [74.90479372, -124.28994665, 776.98071330]
  obj_bb: [295, 97, 151, 146]
  obj_id: 13
27:
- cam_R_m2c: [0.25517201, -0.95848697, -0.12724300, -0.81409699, -0.14197700, -0.56310600, 0.52166402, 0.24727701, -0.81652999]
  cam_t_m2c: [81.21463263, 40.36713359, 1033.45405074]
  obj_bb: [329, 216, 74, 126]
  obj_id: 13
28:
- cam_R_m2c: [0.27335799, -0.95249498, -0.13426800, -0.80849600, -0.15188400, -0.56856501, 0.52116197, 0.26397699, -0.81160700]
  cam_t_m2c: [92.94847707, 51.42522636, 993.22219740]
  obj_bb: [336, 222, 77, 131]
  obj_id: 13
29:
- cam_R_m2c: [0.42835900, -0.90044898, -0.07550430, -0.75965703, -0.31361100, -0.56971002, 0.48931599, 0.30139801, -0.81836998]
  cam_t_m2c: [115.83553809, 59.31156591, 868.86027010]
  obj_bb: [340, 226, 99, 149]
  obj_id: 13
30:
- cam_R_m2c: [0.39903399, -0.90835398, -0.12516101, -0.85627699, -0.32032600, -0.40519199, 0.32796600, 0.26885799, -0.90562397]
  cam_t_m2c: [114.37213029, -87.05263418, 785.67241422]
  obj_bb: [344, 115, 107, 166]
  obj_id: 13
31:
- cam_R_m2c: [0.32856500, -0.94322300, -0.04874720, -0.86762601, -0.28103301, -0.41017699, 0.37318799, 0.17706400, -0.91070199]
  cam_t_m2c: [23.93735833, -61.39776540, 722.77941869]
  obj_bb: [277, 124, 113, 181]
  obj_id: 13
32:
- cam_R_m2c: [0.21636599, -0.96501201, -0.14811300, -0.89792198, -0.13713001, -0.41824800, 0.38330400, 0.22348900, -0.89617598]
  cam_t_m2c: [27.65158890, -123.51472664, 688.19158313]
  obj_bb: [291, 64, 107, 190]
  obj_id: 13
33:
- cam_R_m2c: [0.22747000, -0.95998400, -0.16336399, -0.88260400, -0.13237000, -0.45109600, 0.41142100, 0.24679700, -0.87739599]
  cam_t_m2c: [45.22652283, -107.83261197, 722.20191382]
  obj_bb: [306, 86, 103, 180]
  obj_id: 13
34:
- cam_R_m2c: [-0.50342000, -0.85450798, -0.12800001, -0.66262001, 0.47688001, -0.57751203, 0.55452901, -0.20591600, -0.80628502]
  cam_t_m2c: [30.92365903, -94.96764574, 1020.57741223]
  obj_bb: [310, 146, 95, 116]
  obj_id: 13
35:
- cam_R_m2c: [-0.45620900, -0.87424302, -0.16605000, -0.68187100, 0.46333000, -0.56601900, 0.57177401, -0.14499900, -0.80749601]
  cam_t_m2c: [91.93421590, -121.39993204, 979.52113384]
  obj_bb: [345, 126, 99, 121]
  obj_id: 13
36:
- cam_R_m2c: [-0.45909199, -0.87644601, -0.14517801, -0.68833899, 0.45424101, -0.56555700, 0.56162602, -0.15971100, -0.81182998]
  cam_t_m2c: [64.76670735, -92.33763979, 857.53855523]
  obj_bb: [330, 129, 112, 140]
  obj_id: 13
37:
- cam_R_m2c: [-0.43766999, -0.89782703, -0.04848510, -0.73697603, 0.38910499, -0.55268699, 0.51508301, -0.20616201, -0.83197701]
  cam_t_m2c: [16.09312138, -122.93661237, 796.81151043]
  obj_bb: [296, 95, 114, 154]
  obj_id: 13
38:
- cam_R_m2c: [-0.03266830, -0.98079300, -0.19229700, -0.75762498, 0.14978801, -0.63527000, 0.65187198, 0.12493600, -0.74796599]
  cam_t_m2c: [188.72169662, -66.75675145, 1029.73864281]
  obj_bb: [402, 158, 70, 120]
  obj_id: 13
39:
- cam_R_m2c: [-0.03755310, -0.98364300, -0.17616899, -0.75288898, 0.14376999, -0.64225203, 0.65707499, 0.10851700, -0.74597400]
  cam_t_m2c: [160.14444204, -79.38025565, 938.92041227]
  obj_bb: [392, 143, 76, 130]
  obj_id: 13
40:
- cam_R_m2c: [-0.00768029, -0.99435699, -0.10580700, -0.76479101, 0.07400930, -0.64001298, 0.64423198, 0.07600480, -0.76104403]
  cam_t_m2c: [113.80360817, -92.47651501, 854.51408250]
  obj_bb: [365, 124, 82, 142]
  obj_id: 13
41:
- cam_R_m2c: [0.18695401, -0.97279900, 0.13678400, -0.74946803, -0.23125900, -0.62033600, 0.63509500, 0.01345900, -0.77231699]
  cam_t_m2c: [85.80407805, -19.34462951, 796.72509403]
  obj_bb: [330, 169, 88, 158]
  obj_id: 13
42:
- cam_R_m2c: [-0.19932100, -0.97838700, 0.05504570, -0.96574700, 0.18660100, -0.18031400, 0.16614500, -0.08910070, -0.98206800]
  cam_t_m2c: [99.01583278, -90.02025540, 1005.21085061]
  obj_bb: [347, 134, 72, 135]
  obj_id: 13
43:
- cam_R_m2c: [-0.18220700, -0.98238599, 0.04145680, -0.96673203, 0.17128700, -0.18997601, 0.17952800, -0.07469260, -0.98091298]
  cam_t_m2c: [113.62780798, -77.32691368, 955.63668945]
  obj_bb: [357, 136, 75, 142]
  obj_id: 13
44:
- cam_R_m2c: [-0.09963610, -0.99493200, -0.01353580, -0.98228103, 0.10052100, -0.15817399, 0.15873300, -0.00246391, -0.98731798]
  cam_t_m2c: [166.13428242, -110.67466978, 830.76621822]
  obj_bb: [397, 98, 83, 161]
  obj_id: 13
45:
- cam_R_m2c: [-0.00226729, -0.99997902, -0.00599679, -0.98543698, 0.00325386, -0.17001100, 0.17002700, 0.00552400, -0.98542398]
  cam_t_m2c: [168.16757815, -117.76819258, 768.24880758]
  obj_bb: [402, 83, 85, 171]
  obj_id: 13
46:
- cam_R_m2c: [0.00530011, -0.99592698, 0.09000610, -0.99036098, -0.01768560, -0.13737500, 0.13840701, -0.08841050, -0.98642099]
  cam_t_m2c: [75.83122674, -137.24492329, 730.08548411]
  obj_bb: [334, 59, 87, 180]
  obj_id: 13
47:
- cam_R_m2c: [0.56535101, -0.80747098, -0.16843200, -0.81092697, -0.50673598, -0.29260299, 0.15091801, 0.30201000, -0.94128299]
  cam_t_m2c: [43.56016188, -60.50601016, 1040.22370321]
  obj_bb: [293, 165, 101, 119]
  obj_id: 13
48:
- cam_R_m2c: [0.55723900, -0.79971403, -0.22347800, -0.82542199, -0.50420803, -0.25387499, 0.09034830, 0.32593200, -0.94106603]
  cam_t_m2c: [74.09963141, -78.54421287, 982.45535042]
  obj_bb: [311, 149, 106, 127]
  obj_id: 13
49:
- cam_R_m2c: [0.66641003, -0.70542401, -0.24140000, -0.74512899, -0.61880201, -0.24873100, 0.02608210, 0.34563100, -0.93800801]
  cam_t_m2c: [101.03969903, -121.91886104, 812.31073116]
  obj_bb: [320, 101, 141, 147]
  obj_id: 13
50:
- cam_R_m2c: [0.70849502, -0.66133797, -0.24630700, -0.70566100, -0.65953398, -0.25895500, 0.00880866, 0.35727701, -0.93395698]
  cam_t_m2c: [105.56283051, -141.34888648, 751.68642438]
  obj_bb: [321, 75, 158, 157]
  obj_id: 13
51:
- cam_R_m2c: [0.66734600, -0.74413902, -0.03009040, -0.73476601, -0.65127301, -0.18963800, 0.12152000, 0.14866300, -0.98139298]
  cam_t_m2c: [-87.94919795, -189.69191660, 644.58276240]
  obj_bb: [150, 3, 179, 186]
  obj_id: 13
52:
- cam_R_m2c: [0.55982202, -0.82577503, -0.06851540, -0.75692302, -0.47599199, -0.44777101, 0.33714601, 0.30253300, -0.89151901]
  cam_t_m2c: [5.53690749, 5.97029972, 1019.18721516]
  obj_bb: [269, 201, 102, 122]
  obj_id: 13
53:
- cam_R_m2c: [0.55573702, -0.82849699, -0.06891350, -0.75100398, -0.46474099, -0.46905100, 0.35657999, 0.31242299, -0.88047898]
  cam_t_m2c: [8.67388413, 17.69080131, 989.76233118]
  obj_bb: [269, 206, 105, 126]
  obj_id: 13
54:
- cam_R_m2c: [0.55054802, -0.83192098, -0.06931570, -0.75702697, -0.46253300, -0.46149099, 0.35186300, 0.30654699, -0.88443297]
  cam_t_m2c: [1.00488763, 3.45263924, 880.66851110]
  obj_bb: [257, 193, 118, 141]
  obj_id: 13
55:
- cam_R_m2c: [0.24549200, -0.94974601, -0.19420700, -0.91190898, -0.15828700, -0.37863901, 0.32887101, 0.27005199, -0.90494001]
  cam_t_m2c: [-19.11098533, 5.40592895, 793.16738924]
  obj_bb: [261, 182, 99, 166]
  obj_id: 13
56:
- cam_R_m2c: [0.02478200, -0.99389201, -0.10754300, -0.94961703, 0.01021640, -0.31324700, 0.31243300, 0.10988700, -0.94356298]
  cam_t_m2c: [37.14830588, -26.09028378, 1004.09309078]
  obj_bb: [315, 174, 66, 130]
  obj_id: 13
57:
- cam_R_m2c: [0.01722370, -0.99352902, -0.11226800, -0.94756198, 0.01961620, -0.31896901, 0.31910700, 0.11187400, -0.94109201]
  cam_t_m2c: [30.04224252, -16.28769042, 977.00760858]
  obj_bb: [311, 178, 68, 134]
  obj_id: 13
58:
- cam_R_m2c: [-0.05984390, -0.99812102, 0.01312580, -0.99775302, 0.05941450, -0.03097270, 0.03013460, -0.01494980, -0.99943399]
  cam_t_m2c: [-7.99153163, -56.70871442, 1003.44552583]
  obj_bb: [290, 143, 65, 140]
  obj_id: 13
59:
- cam_R_m2c: [-0.08330620, -0.99634498, -0.01888770, -0.99646503, 0.08349210, -0.00927390, 0.01081700, 0.01804830, -0.99977899]
  cam_t_m2c: [11.05495069, -55.40316541, 967.95943966]
  obj_bb: [301, 140, 67, 145]
  obj_id: 13
60:
- cam_R_m2c: [-0.03287030, -0.99603802, -0.08262920, -0.99941301, 0.03355700, -0.00693490, 0.00968022, 0.08235270, -0.99655598]
  cam_t_m2c: [21.58370619, -59.92600364, 775.71973135]
  obj_bb: [304, 113, 82, 178]
  obj_id: 13
61:
- cam_R_m2c: [-0.02962580, -0.99709803, -0.07013430, -0.99949199, 0.03037450, -0.00963336, 0.01173570, 0.06981320, -0.99749100]
  cam_t_m2c: [14.59690391, -62.81967142, 791.99741554]
  obj_bb: [299, 114, 80, 174]
  obj_id: 13
62:
- cam_R_m2c: [-0.01426750, -0.99989098, -0.00373883, -0.99988502, 0.01428680, -0.00516658, 0.00521943, 0.00366468, -0.99997997]
  cam_t_m2c: [0.71259019, -85.94520275, 910.13031122]
  obj_bb: [291, 115, 70, 153]
  obj_id: 13
63:
- cam_R_m2c: [0.03841920, -0.99900401, -0.02267290, -0.93983603, -0.02841720, -0.34044299, 0.33945999, 0.03438830, -0.93999201]
  cam_t_m2c: [45.51827756, 39.88275658, 1020.35973108]
  obj_bb: [317, 211, 65, 130]
  obj_id: 13
64:
- cam_R_m2c: [0.01892800, -0.99922901, -0.03439330, -0.95081103, -0.00735147, -0.30968499, 0.30919400, 0.03856330, -0.95021701]
  cam_t_m2c: [56.32344138, -10.08853091, 991.68884822]
  obj_bb: [324, 182, 66, 133]
  obj_id: 13
65:
- cam_R_m2c: [-0.37505299, -0.91864300, -0.12422200, -0.86330700, 0.39494699, -0.31419301, 0.33769301, -0.01059710, -0.94119698]
  cam_t_m2c: [71.07429718, 31.62600168, 889.87690457]
  obj_bb: [336, 206, 96, 147]
  obj_id: 13
66:
- cam_R_m2c: [-0.45334399, -0.88400501, -0.11408300, -0.85500902, 0.46745801, -0.22459300, 0.25187001, -0.00427601, -0.96775198]
  cam_t_m2c: [37.09493173, -51.59035754, 792.28519965]
  obj_bb: [312, 144, 113, 160]
  obj_id: 13
67:
- cam_R_m2c: [-0.59345102, -0.79396898, 0.13202000, -0.71292102, 0.44240201, -0.54408199, 0.37357801, -0.41700500, -0.82858098]
  cam_t_m2c: [31.16079190, 81.56565975, 1042.01885227]
  obj_bb: [297, 242, 104, 121]
  obj_id: 13
68:
- cam_R_m2c: [-0.28388101, -0.95740002, 0.05287890, -0.84034997, 0.22185899, -0.49456099, 0.46176201, -0.18483301, -0.86753303]
  cam_t_m2c: [193.80490226, 26.38993424, 1017.34965555]
  obj_bb: [396, 208, 86, 129]
  obj_id: 13
69:
- cam_R_m2c: [-0.33817199, -0.94103998, -0.00909907, -0.85956401, 0.31279999, -0.40411001, 0.38313001, -0.12883800, -0.91466498]
  cam_t_m2c: [216.95311233, -63.99735027, 998.70865861]
  obj_bb: [410, 155, 91, 131]
  obj_id: 13
70:
- cam_R_m2c: [-0.64904702, -0.75439101, -0.09814920, -0.67249298, 0.62927097, -0.38957801, 0.35565701, -0.18685000, -0.91574901]
  cam_t_m2c: [133.15042295, -72.46617755, 942.53361256]
  obj_bb: [356, 153, 124, 124]
  obj_id: 13
71:
- cam_R_m2c: [-0.78742599, -0.61012399, -0.08780210, -0.54118299, 0.75247103, -0.37537801, 0.29509601, -0.24806499, -0.92270398]
  cam_t_m2c: [21.22809286, -72.26737281, 881.38869085]
  obj_bb: [281, 153, 142, 119]
  obj_id: 13
72:
- cam_R_m2c: [-0.95223600, -0.26550299, -0.15084700, -0.22799000, 0.94678301, -0.22720701, 0.20314300, -0.18196300, -0.96209300]
  cam_t_m2c: [-19.11302457, -138.86243239, 734.15152072]
  obj_bb: [233, 102, 184, 100]
  obj_id: 13
73:
- cam_R_m2c: [-0.93985403, -0.27940699, -0.19648300, -0.24193600, 0.95059502, -0.19451401, 0.24112500, -0.13527800, -0.96101999]
  cam_t_m2c: [37.14126127, -150.71755764, 655.23053189]
  obj_bb: [270, 74, 208, 113]
  obj_id: 13
74:
- cam_R_m2c: [-0.44592500, -0.89345902, -0.05368570, -0.80110002, 0.42514300, -0.42129901, 0.39923701, -0.14486000, -0.90533203]
  cam_t_m2c: [77.05816967, 48.31473626, 1000.29167876]
  obj_bb: [334, 222, 93, 129]
  obj_id: 13
75:
- cam_R_m2c: [-0.38646501, -0.92187399, -0.02815050, -0.82901001, 0.36058801, -0.42745599, 0.40421200, -0.14185999, -0.90359801]
  cam_t_m2c: [78.48259594, 13.16422709, 959.16942780]
  obj_bb: [336, 199, 92, 136]
  obj_id: 13
76:
- cam_R_m2c: [-0.04763050, -0.99761701, 0.04991470, -0.88169098, 0.01850650, -0.47146401, 0.46941701, -0.06646550, -0.88047099]
  cam_t_m2c: [92.70121263, 15.27979281, 812.17593508]
  obj_bb: [348, 190, 83, 160]
  obj_id: 13
77:
- cam_R_m2c: [-0.45746499, -0.88894600, -0.02235380, -0.70965499, 0.38011700, -0.59321201, 0.53583097, -0.25551099, -0.80473602]
  cam_t_m2c: [146.67212241, 27.62872849, 993.45492539]
  obj_bb: [369, 211, 102, 127]
  obj_id: 13
78:
- cam_R_m2c: [-0.40293500, -0.90978700, -0.09965110, -0.64970201, 0.36102200, -0.66899198, 0.64461702, -0.20481700, -0.73655897]
  cam_t_m2c: [147.78755800, 32.09612614, 1005.16534447]
  obj_bb: [373, 215, 98, 123]
  obj_id: 13
79:
- cam_R_m2c: [0.12939000, -0.99151999, -0.01209170, -0.77820498, -0.09398050, -0.62093800, 0.61453599, 0.08975280, -0.78376597]
  cam_t_m2c: [113.79701297, 39.80028650, 1044.36391132]
  obj_bb: [350, 217, 67, 122]
  obj_id: 13
80:
- cam_R_m2c: [0.24204201, -0.96937603, -0.04153150, -0.80132300, -0.17557900, -0.57188600, 0.54707998, 0.17170100, -0.81928098]
  cam_t_m2c: [167.44113861, -11.60256426, 980.03785250]
  obj_bb: [379, 185, 74, 131]
  obj_id: 13
81:
- cam_R_m2c: [0.28182900, -0.95940202, -0.01095500, -0.78786600, -0.22489300, -0.57331502, 0.54757601, 0.17020801, -0.81926203]
  cam_t_m2c: [107.55228191, -9.24224843, 886.11242784]
  obj_bb: [343, 181, 84, 145]
  obj_id: 13
82:
- cam_R_m2c: [0.13985801, -0.98683399, -0.08123480, -0.79468399, -0.06292620, -0.60375202, 0.59069097, 0.14899600, -0.79302198]
  cam_t_m2c: [113.09500881, -31.41747369, 806.25271147]
  obj_bb: [359, 159, 86, 157]
  obj_id: 13
83:
- cam_R_m2c: [0.01734310, -0.99938101, -0.03061370, -0.41895801, 0.02053690, -0.90777302, 0.90784001, 0.02856950, -0.41834301]
  cam_t_m2c: [111.35603645, -110.46202563, 1033.94160183]
  obj_bb: [356, 142, 68, 90]
  obj_id: 13
84:
- cam_R_m2c: [0.08254520, -0.97522098, 0.20525800, -0.46484399, -0.21986000, -0.85766000, 0.88153601, -0.02461730, -0.47147399]
  cam_t_m2c: [71.89286479, -89.05289444, 954.11043229]
  obj_bb: [323, 147, 73, 104]
  obj_id: 13
85:
- cam_R_m2c: [0.06022860, -0.93292898, 0.35498601, -0.26886100, -0.35765001, -0.89431500, 0.96129400, -0.04157850, -0.27236900]
  cam_t_m2c: [11.72211965, 77.92034968, 916.71577113]
  obj_bb: [279, 250, 78, 108]
  obj_id: 13
86:
- cam_R_m2c: [0.13305800, -0.95714498, 0.25723499, -0.42051801, -0.28954300, -0.85984302, 0.89747399, 0.00623730, -0.44102299]
  cam_t_m2c: [67.09479478, -39.46829892, 782.70155720]
  obj_bb: [315, 164, 89, 129]
  obj_id: 13
87:
- cam_R_m2c: [-0.47886500, -0.87758899, 0.02291490, -0.46179301, 0.22961099, -0.85675299, 0.74661601, -0.42085099, -0.51521802]
  cam_t_m2c: [-108.39728530, -179.25607448, 1038.07088819]
  obj_bb: [234, 104, 86, 95]
  obj_id: 13
88:
- cam_R_m2c: [-0.29580101, -0.95462900, 0.03442450, -0.27046099, 0.04913360, -0.96147603, 0.91616201, -0.29371601, -0.27272400]
  cam_t_m2c: [71.21153513, 88.57564989, 1007.46039164]
  obj_bb: [332, 253, 88, 96]
  obj_id: 13
89:
- cam_R_m2c: [-0.24764800, -0.91393697, 0.32154199, -0.55655998, -0.13745700, -0.81935698, 0.79303902, -0.38187000, -0.47462001]
  cam_t_m2c: [4.49231273, -87.25655135, 891.57187624]
  obj_bb: [283, 139, 89, 119]
  obj_id: 13
90:
- cam_R_m2c: [-0.18003300, -0.88989699, 0.41913199, -0.56849599, -0.25359699, -0.78262401, 0.80274498, -0.37917301, -0.46024701]
  cam_t_m2c: [8.85639011, -52.81917551, 843.51972745]
  obj_bb: [280, 157, 93, 131]
  obj_id: 13
91:
- cam_R_m2c: [-0.13361700, -0.90001798, 0.41486701, -0.51425397, -0.29488301, -0.80534899, 0.84716600, -0.32095599, -0.42343599]
  cam_t_m2c: [31.94748663, 18.89718883, 779.79706201]
  obj_bb: [293, 203, 100, 145]
  obj_id: 13
92:
- cam_R_m2c: [-0.13020200, -0.99028301, 0.04885420, -0.59435201, 0.03851620, -0.80328202, 0.79359502, -0.13362500, -0.59359199]
  cam_t_m2c: [15.96713850, 9.27603550, 1004.67442941]
  obj_bb: [302, 203, 71, 113]
  obj_id: 13
93:
- cam_R_m2c: [-0.01753030, -0.97095001, 0.23863900, -0.67806202, -0.16385999, -0.71650600, 0.73479497, -0.17437300, -0.65549201]
  cam_t_m2c: [1.50955363, -60.13406726, 897.86675381]
  obj_bb: [280, 154, 77, 131]
  obj_id: 13
94:
- cam_R_m2c: [0.10775800, -0.93286598, 0.34373000, -0.67728698, -0.32198301, -0.66152000, 0.72778398, -0.16152000, -0.66651398]
  cam_t_m2c: [28.45228053, -34.33406293, 778.59460796]
  obj_bb: [284, 161, 88, 154]
  obj_id: 13
95:
- cam_R_m2c: [0.07299020, -0.93496901, 0.34713799, -0.74264902, -0.28327700, -0.60681599, 0.66569102, -0.21351001, -0.71503103]
  cam_t_m2c: [28.85014924, -119.79744244, 785.31566479]
  obj_bb: [286, 98, 88, 153]
  obj_id: 13
96:
- cam_R_m2c: [-0.01987280, -0.92188400, 0.38695699, -0.76245999, -0.23638099, -0.60231102, 0.64673001, -0.30700901, -0.69820201]
  cam_t_m2c: [-33.55990373, -159.83231984, 849.76778082]
  obj_bb: [249, 81, 82, 141]
  obj_id: 13
97:
- cam_R_m2c: [-0.05479490, -0.93034703, 0.36256400, -0.76481700, -0.19432899, -0.61423999, 0.64191300, -0.31095299, -0.70089698]
  cam_t_m2c: [-54.73727403, -165.59849967, 907.43970817]
  obj_bb: [243, 87, 75, 132]
  obj_id: 13
98:
- cam_R_m2c: [-0.15729800, -0.90700603, 0.39063701, -0.72144401, -0.16457801, -0.67263103, 0.67437100, -0.38762599, -0.62846601]
  cam_t_m2c: [-126.51830081, -128.26789201, 1023.61886414]
  obj_bb: [213, 126, 69, 115]
  obj_id: 13
99:
- cam_R_m2c: [0.22039001, -0.96164000, 0.16332901, -0.48092601, -0.25280800, -0.83952302, 0.84860998, 0.10647300, -0.51819402]
  cam_t_m2c: [0.26871739, -70.92058469, 1018.42454814]
  obj_bb: [277, 162, 75, 102]
  obj_id: 13
100:
- cam_R_m2c: [0.23814200, -0.95512003, 0.17616300, -0.47843301, -0.27321199, -0.83454001, 0.84521598, 0.11445700, -0.52202499]
  cam_t_m2c: [6.79850732, -88.74243957, 1060.15781719]
  obj_bb: [281, 156, 73, 96]
  obj_id: 13
101:
- cam_R_m2c: [0.34048000, -0.92561501, 0.16525801, -0.48467201, -0.32338399, -0.81272101, 0.80570799, 0.19661900, -0.55872601]
  cam_t_m2c: [79.38197267, -77.64826161, 903.21139550]
  obj_bb: [316, 148, 88, 115]
  obj_id: 13
102:
- cam_R_m2c: [0.42428899, -0.88977098, 0.16818500, -0.48660401, -0.38067001, -0.78632498, 0.76367199, 0.25178900, -0.59447998]
  cam_t_m2c: [126.96884198, -76.23066375, 798.64823369]
  obj_bb: [345, 138, 102, 131]
  obj_id: 13
103:
- cam_R_m2c: [0.30430499, -0.92424703, 0.23057900, -0.63744402, -0.37745300, -0.67171001, 0.70785803, 0.05742320, -0.70401597]
  cam_t_m2c: [-0.40590577, -100.13782963, 1028.91749825]
  obj_bb: [272, 145, 77, 111]
  obj_id: 13
104:
- cam_R_m2c: [0.34430501, -0.90829903, 0.23758499, -0.63201201, -0.41136500, -0.65676397, 0.69427198, 0.07597080, -0.71569097]
  cam_t_m2c: [21.36864604, -91.44791700, 979.34188218]
  obj_bb: [280, 146, 83, 116]
  obj_id: 13
105:
- cam_R_m2c: [0.41211101, -0.86616403, 0.28270900, -0.61918402, -0.49386400, -0.61049902, 0.66841203, 0.07654480, -0.73984200]
  cam_t_m2c: [43.71291921, -106.16487851, 889.65106505]
  obj_bb: [285, 129, 100, 125]
  obj_id: 13
106:
- cam_R_m2c: [0.15170000, -0.98677099, 0.05717920, -0.64846098, -0.14301600, -0.74769300, 0.74597901, 0.07634680, -0.66157901]
  cam_t_m2c: [25.45450891, -60.71203894, 1008.12069169]
  obj_bb: [297, 163, 72, 115]
  obj_id: 13
107:
- cam_R_m2c: [0.30665800, -0.91941798, 0.24623400, -0.61056203, -0.38847500, -0.69014603, 0.73018801, 0.06129770, -0.68049097]
  cam_t_m2c: [40.93808185, -64.67465995, 910.40235141]
  obj_bb: [291, 156, 85, 125]
  obj_id: 13
108:
- cam_R_m2c: [0.40549001, -0.82279497, 0.39822900, -0.56232101, -0.56799501, -0.60097998, 0.72067499, 0.01975950, -0.69299102]
  cam_t_m2c: [30.23770479, -56.93300368, 784.03318275]
  obj_bb: [266, 153, 119, 139]
  obj_id: 13
109:
- cam_R_m2c: [0.15814900, -0.98606300, 0.05165250, -0.82220000, -0.16047400, -0.54610902, 0.54678702, 0.04389770, -0.83612001]
  cam_t_m2c: [-15.97297901, -107.13697757, 1005.76348536]
  obj_bb: [274, 132, 72, 126]
  obj_id: 13
110:
- cam_R_m2c: [0.18946800, -0.97951901, 0.06814370, -0.83342499, -0.19712600, -0.51628000, 0.51913899, 0.04102590, -0.85370499]
  cam_t_m2c: [-9.72018479, -115.08579954, 938.87088647]
  obj_bb: [273, 120, 78, 135]
  obj_id: 13
111:
- cam_R_m2c: [0.60873199, -0.78673100, 0.10246900, -0.52927101, -0.49890700, -0.68626797, 0.59103101, 0.36351901, -0.72009498]
  cam_t_m2c: [56.50059075, -77.87396537, 1022.55426032]
  obj_bb: [290, 160, 103, 104]
  obj_id: 13
112:
- cam_R_m2c: [0.63099402, -0.76658303, 0.11915400, -0.49982399, -0.51917702, -0.69327497, 0.59331501, 0.37789699, -0.71075398]
  cam_t_m2c: [62.61970132, -56.66361858, 1000.21019187]
  obj_bb: [292, 171, 106, 105]
  obj_id: 13
113:
- cam_R_m2c: [0.71837300, -0.63605702, 0.28172901, -0.33986399, -0.67425400, -0.65564799, 0.60698599, 0.37525001, -0.70053899]
  cam_t_m2c: [80.23270334, -25.69757959, 898.69404328]
  obj_bb: [292, 190, 129, 104]
  obj_id: 13
114:
- cam_R_m2c: [0.71757001, -0.62306899, 0.31125200, -0.35559499, -0.71199697, -0.60548598, 0.59886998, 0.32379901, -0.73246801]
  cam_t_m2c: [63.35964686, -64.72507114, 805.58269168]
  obj_bb: [275, 157, 145, 114]
  obj_id: 13
115:
- cam_R_m2c: [-0.31753600, -0.88444102, -0.34195700, -0.74398899, 0.45596099, -0.48844600, 0.58792001, 0.09931300, -0.80279899]
  cam_t_m2c: [-26.88442320, 1.33991163, 792.58457206]
  obj_bb: [276, 185, 100, 160]
  obj_id: 13
116:
- cam_R_m2c: [0.33357599, -0.94061601, 0.06299360, -0.56730700, -0.25365600, -0.78346801, 0.75292099, 0.22560900, -0.61823100]
  cam_t_m2c: [61.14466513, -26.00261822, 1023.57203501]
  obj_bb: [309, 186, 79, 110]
  obj_id: 13
117:
- cam_R_m2c: [0.34452900, -0.92976999, 0.12972400, -0.49617201, -0.29765400, -0.81560701, 0.79694003, 0.21663500, -0.56387597]
  cam_t_m2c: [28.57658055, 32.74369182, 953.94745722]
  obj_bb: [284, 218, 88, 117]
  obj_id: 13
118:
- cam_R_m2c: [0.31400400, -0.94180298, 0.12003500, -0.59947997, -0.29471499, -0.74415499, 0.73622400, 0.16170900, -0.65713298]
  cam_t_m2c: [-1.72758343, -21.77583160, 1038.57014096]
  obj_bb: [272, 189, 80, 111]
  obj_id: 13
119:
- cam_R_m2c: [-0.22321700, -0.97453701, -0.02126040, -0.78426403, 0.19250201, -0.58980799, 0.57888198, -0.11498100, -0.80726397]
  cam_t_m2c: [21.03291112, -98.30054232, 873.51586462]
  obj_bb: [305, 122, 85, 143]
  obj_id: 13
120:
- cam_R_m2c: [-0.28797701, -0.95690399, 0.03748270, -0.75944698, 0.20435999, -0.61763901, 0.58336103, -0.20633200, -0.78556800]
  cam_t_m2c: [-27.77735720, -100.10698699, 989.55566445]
  obj_bb: [278, 136, 78, 125]
  obj_id: 13
121:
- cam_R_m2c: [-0.29868600, -0.95314902, 0.04789450, -0.74647802, 0.20206501, -0.63398701, 0.59460598, -0.22511600, -0.77185899]
  cam_t_m2c: [-36.24839325, -89.74315613, 1012.65379724]
  obj_bb: [274, 144, 77, 122]
  obj_id: 13
122:
- cam_R_m2c: [-0.11785600, -0.99156100, 0.05400610, -0.69064200, 0.04276850, -0.72193098, 0.71352899, -0.12238300, -0.68985498]
  cam_t_m2c: [-109.30878711, -123.35842312, 1016.84173405]
  obj_bb: [232, 128, 68, 112]
  obj_id: 13
123:
- cam_R_m2c: [-0.05644170, -0.99831402, -0.01352720, -0.72157699, 0.05015230, -0.69051600, 0.69002998, -0.02921300, -0.72319102]
  cam_t_m2c: [-21.23845204, -105.94173790, 960.89081477]
  obj_bb: [280, 131, 71, 122]
  obj_id: 13
124:
- cam_R_m2c: [0.20952700, -0.97675300, 0.04529620, -0.65368903, -0.17437500, -0.73639899, 0.72717899, 0.12468600, -0.67502898]
  cam_t_m2c: [107.15435803, -45.68632433, 1054.35193314]
  obj_bb: [342, 175, 68, 111]
  obj_id: 13
125:
- cam_R_m2c: [0.09701410, -0.99457502, 0.03753670, -0.40947500, -0.07425970, -0.90929401, 0.90714800, 0.07284400, -0.41445801]
  cam_t_m2c: [90.79241228, 9.01511288, 1064.47433466]
  obj_bb: [338, 208, 66, 95]
  obj_id: 13
126:
- cam_R_m2c: [0.02486780, -0.98245299, 0.18484700, -0.37194601, -0.18072300, -0.91049200, 0.92792100, -0.04611130, -0.36991301]
  cam_t_m2c: [-41.05080363, -64.86659902, 1051.73361949]
  obj_bb: [261, 170, 68, 90]
  obj_id: 13
127:
- cam_R_m2c: [0.06812990, -0.97196299, 0.22504599, -0.30575201, -0.23505799, -0.92264003, 0.94967097, -0.00594901, -0.31319401]
  cam_t_m2c: [-34.01536290, -49.33277816, 1058.43901761]
  obj_bb: [263, 180, 68, 88]
  obj_id: 13
128:
- cam_R_m2c: [0.12663800, -0.96508503, 0.22928900, -0.27335101, -0.25615200, -0.92718101, 0.95354199, 0.05473980, -0.29624599]
  cam_t_m2c: [-26.21433974, -53.80810858, 1080.08748159]
  obj_bb: [266, 180, 69, 85]
  obj_id: 13
129:
- cam_R_m2c: [0.25270599, -0.93927002, 0.23218800, -0.25500399, -0.29614800, -0.92047203, 0.93333399, 0.17340000, -0.31435600]
  cam_t_m2c: [-11.21060970, -26.23940836, 1083.18541554]
  obj_bb: [269, 195, 73, 85]
  obj_id: 13
130:
- cam_R_m2c: [0.40361100, -0.86837500, 0.28813601, -0.36396399, -0.44132501, -0.82022101, 0.83942199, 0.22617900, -0.49417999]
  cam_t_m2c: [-0.28774355, -67.99095147, 1068.56050921]
  obj_bb: [266, 171, 85, 91]
  obj_id: 13
131:
- cam_R_m2c: [0.75134200, -0.64440298, 0.14223200, -0.42211500, -0.63497299, -0.64701498, 0.50725198, 0.42609099, -0.74909401]
  cam_t_m2c: [3.73699753, -44.47085182, 1043.52386571]
  obj_bb: [255, 184, 118, 94]
  obj_id: 13
132:
- cam_R_m2c: [0.72522902, -0.67318600, 0.14444201, -0.46251699, -0.63174802, -0.62207103, 0.51002097, 0.38433701, -0.76952201]
  cam_t_m2c: [-9.19792502, -49.91157537, 1020.38155429]
  obj_bb: [247, 179, 119, 99]
  obj_id: 13
133:
- cam_R_m2c: [0.50738400, -0.84865099, 0.14951199, -0.66098499, -0.49460500, -0.56432700, 0.55286598, 0.18750501, -0.81190002]
  cam_t_m2c: [-52.57211793, -40.81168876, 954.24421768]
  obj_bb: [225, 173, 107, 124]
  obj_id: 13
134:
- cam_R_m2c: [0.34957501, -0.91492301, 0.20177500, -0.71498299, -0.39968801, -0.57362700, 0.60547203, 0.05625950, -0.79387599]
  cam_t_m2c: [-104.10668240, -24.94302037, 1010.89932442]
  obj_bb: [208, 183, 89, 122]
  obj_id: 13
135:
- cam_R_m2c: [0.66348797, -0.73606300, 0.13414399, -0.39440799, -0.49644801, -0.77329302, 0.63578802, 0.46016300, -0.61969602]
  cam_t_m2c: [-51.06119866, 24.07678846, 1053.92402842]
  obj_bb: [228, 220, 112, 96]
  obj_id: 13
136:
- cam_R_m2c: [0.69645202, -0.71131599, 0.09479070, -0.39744899, -0.49233699, -0.77436399, 0.59748602, 0.50163198, -0.62559998]
  cam_t_m2c: [-24.84173556, 19.67577369, 1025.87912758]
  obj_bb: [240, 216, 117, 99]
  obj_id: 13
137:
- cam_R_m2c: [0.69766200, -0.71104801, 0.08762140, -0.30305499, -0.40372401, -0.86322898, 0.64917302, 0.57568800, -0.49714899]
  cam_t_m2c: [-36.10319718, 61.70583315, 1056.42310467]
  obj_bb: [235, 240, 116, 94]
  obj_id: 13
138:
- cam_R_m2c: [0.69097000, -0.72011697, 0.06318140, -0.30560499, -0.37020299, -0.87724298, 0.65510798, 0.58683997, -0.47587001]
  cam_t_m2c: [-41.36068834, 59.02905678, 1058.84296054]
  obj_bb: [233, 238, 116, 94]
  obj_id: 13
139:
- cam_R_m2c: [0.47198701, -0.88083100, 0.03694370, -0.41087601, -0.25685400, -0.87476099, 0.78000599, 0.39769700, -0.48314399]
  cam_t_m2c: [-72.11156293, 15.02369919, 1029.26233130]
  obj_bb: [222, 211, 102, 101]
  obj_id: 13
140:
- cam_R_m2c: [0.42292500, -0.90044099, 0.10168600, -0.44689500, -0.30487800, -0.84103203, 0.78830099, 0.31025001, -0.53134298]
  cam_t_m2c: [-113.70614798, -19.48811255, 1038.61438395]
  obj_bb: [200, 192, 98, 101]
  obj_id: 13
141:
- cam_R_m2c: [0.32685399, -0.94379002, 0.04926560, -0.50402498, -0.21817701, -0.83567798, 0.79945302, 0.24831299, -0.54700601]
  cam_t_m2c: [-130.63337094, -53.95905782, 1009.23344068]
  obj_bb: [193, 170, 94, 105]
  obj_id: 13
142:
- cam_R_m2c: [0.30989400, -0.95054901, 0.02054280, -0.42775801, -0.15868700, -0.88985503, 0.84911001, 0.26697400, -0.45578200]
  cam_t_m2c: [-121.11757972, -15.79457335, 1016.68068480]
  obj_bb: [200, 193, 93, 100]
  obj_id: 13
143:
- cam_R_m2c: [0.30415100, -0.95258600, -0.00853147, -0.37694699, -0.11212100, -0.91942400, 0.87487400, 0.28285900, -0.39317501]
  cam_t_m2c: [-122.84501172, 13.21433094, 1025.75825464]
  obj_bb: [200, 210, 93, 97]
  obj_id: 13
144:
- cam_R_m2c: [0.43466899, -0.89866197, -0.05889150, -0.34748200, -0.10702400, -0.93155903, 0.83085400, 0.42538401, -0.35878900]
  cam_t_m2c: [-79.13571709, -3.25500908, 1029.51622189]
  obj_bb: [221, 202, 101, 93]
  obj_id: 13
145:
- cam_R_m2c: [0.50989199, -0.85864198, -0.05237490, -0.34150401, -0.14616500, -0.92844498, 0.78954703, 0.49129400, -0.36775801]
  cam_t_m2c: [-58.67214864, -17.80188721, 1025.01053155]
  obj_bb: [229, 194, 106, 93]
  obj_id: 13
146:
- cam_R_m2c: [0.74188501, -0.66612297, 0.07672650, -0.29407999, -0.42607400, -0.85555702, 0.60259801, 0.61216098, -0.51199102]
  cam_t_m2c: [-0.21272928, -89.99264416, 1018.09882428]
  obj_bb: [251, 156, 123, 92]
  obj_id: 13
147:
- cam_R_m2c: [0.70075703, -0.71048301, -0.06444520, -0.30276799, -0.21438999, -0.92863798, 0.64596498, 0.67026103, -0.36534700]
  cam_t_m2c: [-33.90807372, -28.85141612, 1057.63842833]
  obj_bb: [239, 190, 119, 90]
  obj_id: 13
148:
- cam_R_m2c: [0.71660697, -0.66433501, -0.21244501, -0.30980501, -0.03028320, -0.95031798, 0.62489599, 0.74682099, -0.22751500]
  cam_t_m2c: [10.40240430, 24.64026652, 1010.65629706]
  obj_bb: [265, 217, 123, 93]
  obj_id: 13
149:
- cam_R_m2c: [0.61198598, -0.76568103, -0.19800501, -0.31019601, -0.00208636, -0.95067000, 0.72749698, 0.64321703, -0.23878799]
  cam_t_m2c: [-31.10101368, 22.10686102, 1025.53809943]
  obj_bb: [245, 216, 114, 91]
  obj_id: 13
150:
- cam_R_m2c: [0.53189701, -0.84351802, -0.07458920, -0.30941999, -0.11160500, -0.94435400, 0.78825498, 0.52537799, -0.32036400]
  cam_t_m2c: [-100.97475886, -8.23594321, 960.15536728]
  obj_bb: [195, 197, 120, 98]
  obj_id: 13
151:
- cam_R_m2c: [0.46852401, -0.88048500, -0.07233680, -0.32431200, -0.09525260, -0.94114202, 0.82177103, 0.46440700, -0.33017999]
  cam_t_m2c: [-174.19523168, -14.86986696, 1027.68350249]
  obj_bb: [163, 196, 112, 91]
  obj_id: 13
152:
- cam_R_m2c: [0.48335400, -0.87359399, -0.05658670, -0.40604600, -0.16645899, -0.89856398, 0.77556098, 0.45730200, -0.43517801]
  cam_t_m2c: [-168.37685367, -61.20561000, 1051.39722166]
  obj_bb: [170, 170, 109, 93]
  obj_id: 13
153:
- cam_R_m2c: [0.36276501, -0.93159902, 0.02290130, -0.40256399, -0.17882800, -0.89775401, 0.84044302, 0.31645501, -0.43990099]
  cam_t_m2c: [31.86967463, -76.29138233, 933.61132371]
  obj_bb: [286, 153, 93, 103]
  obj_id: 13
154:
- cam_R_m2c: [0.35306501, -0.93559700, 0.00172386, -0.44070300, -0.16793200, -0.88180500, 0.82530397, 0.31057501, -0.47161099]
  cam_t_m2c: [16.96657580, -96.97910819, 910.22923869]
  obj_bb: [276, 137, 96, 107]
  obj_id: 13
155:
- cam_R_m2c: [0.41198701, -0.91111600, 0.01158050, -0.27491900, -0.13640900, -0.95174098, 0.86872703, 0.38892099, -0.30668199]
  cam_t_m2c: [105.00111134, -22.76378746, 1040.99090011]
  obj_bb: [331, 193, 83, 89]
  obj_id: 13
156:
- cam_R_m2c: [0.47388500, -0.88057297, -0.00492560, -0.25418600, -0.13143200, -0.95818299, 0.84310299, 0.45532101, -0.28611299]
  cam_t_m2c: [145.41276744, -13.16214577, 1026.24730662]
  obj_bb: [352, 198, 87, 89]
  obj_id: 13
157:
- cam_R_m2c: [0.53446400, -0.84518802, 0.00235193, -0.19644099, -0.12692700, -0.97226602, 0.82204598, 0.51917899, -0.23386800]
  cam_t_m2c: [163.63020986, 10.68010877, 1054.12229187]
  obj_bb: [358, 213, 89, 85]
  obj_id: 13
158:
- cam_R_m2c: [-0.23462500, -0.96707100, 0.09861560, -0.51617301, 0.03797820, -0.85564202, 0.82372099, -0.25165799, -0.50808698]
  cam_t_m2c: [163.10259215, 94.36172740, 977.52610515]
  obj_bb: [382, 252, 92, 118]
  obj_id: 13
159:
- cam_R_m2c: [-0.43729299, -0.89921200, -0.01391290, -0.66550201, 0.33396599, -0.66751301, 0.60488200, -0.28264001, -0.74446797]
  cam_t_m2c: [90.80529899, -156.83185375, 864.82667367]
  obj_bb: [342, 87, 113, 133]
  obj_id: 13
160:
- cam_R_m2c: [-0.49001899, -0.87142700, 0.02229140, -0.72182399, 0.39129201, -0.57084203, 0.48872501, -0.29581401, -0.82075697]
  cam_t_m2c: [30.98681827, -215.82836761, 785.79092467]
  obj_bb: [300, 26, 124, 151]
  obj_id: 13
161:
- cam_R_m2c: [-0.52019501, -0.84671098, 0.11170100, -0.63290101, 0.29436699, -0.71608901, 0.57344002, -0.44320199, -0.68901300]
  cam_t_m2c: [0.61223288, -92.34930235, 993.65309837]
  obj_bb: [285, 144, 100, 116]
  obj_id: 13
162:
- cam_R_m2c: [-0.50161499, -0.85378098, 0.13942800, -0.65518200, 0.26968801, -0.70569497, 0.56490701, -0.44533801, -0.69466197]
  cam_t_m2c: [9.63937106, -122.31049901, 1015.79234879]
  obj_bb: [290, 129, 97, 114]
  obj_id: 13
163:
- cam_R_m2c: [-0.50033301, -0.85875201, 0.11050500, -0.61262500, 0.26092800, -0.74606103, 0.61184800, -0.44097701, -0.65664399]
  cam_t_m2c: [34.84096346, -92.38070631, 1042.27103457]
  obj_bb: [305, 149, 96, 109]
  obj_id: 13
164:
- cam_R_m2c: [-0.61821699, -0.78394002, 0.05697260, -0.51573002, 0.34987000, -0.78205699, 0.59315300, -0.51286298, -0.62059700]
  cam_t_m2c: [-13.97621235, -112.44047362, 938.91805528]
  obj_bb: [271, 129, 116, 113]
  obj_id: 13
165:
- cam_R_m2c: [-0.54791999, -0.81491399, -0.18894200, -0.40628701, 0.45667401, -0.79144198, 0.73124200, -0.35688201, -0.58130902]
  cam_t_m2c: [120.46674441, -194.07982577, 920.40942292]
  obj_bb: [358, 80, 122, 106]
  obj_id: 13
166:
- cam_R_m2c: [-0.57688397, -0.78276801, -0.23340701, -0.38902599, 0.51455402, -0.76412898, 0.71823603, -0.35001299, -0.60135502]
  cam_t_m2c: [81.94630101, -201.57275160, 894.63587042]
  obj_bb: [337, 72, 123, 108]
  obj_id: 13
167:
- cam_R_m2c: [-0.69250101, -0.68872303, -0.21471800, -0.30364001, 0.54824603, -0.77924901, 0.65440500, -0.47443399, -0.58878398]
  cam_t_m2c: [-53.99207883, 29.28469679, 1047.60653829]
  obj_bb: [261, 224, 105, 94]
  obj_id: 13
168:
- cam_R_m2c: [-0.68752301, -0.70061702, -0.19091301, -0.44450101, 0.61394000, -0.65230101, 0.57422298, -0.36361101, -0.73352301]
  cam_t_m2c: [-98.71393076, -25.06224184, 1048.45624245]
  obj_bb: [238, 193, 102, 98]
  obj_id: 13
169:
- cam_R_m2c: [-0.62194800, -0.77108699, -0.13640100, -0.35117701, 0.43035099, -0.83154798, 0.69989699, -0.46927899, -0.53844398]
  cam_t_m2c: [-22.14645160, -90.56356142, 1068.28789538]
  obj_bb: [279, 158, 100, 92]
  obj_id: 13
170:
- cam_R_m2c: [-0.78128099, -0.62294400, -0.03926380, -0.27738199, 0.40286100, -0.87221700, 0.55915999, -0.67055500, -0.48754001]
  cam_t_m2c: [-170.04987410, -72.01187126, 1039.58270161]
  obj_bb: [190, 167, 112, 91]
  obj_id: 13
171:
- cam_R_m2c: [-0.32788101, -0.94373500, -0.04310620, -0.42515701, 0.18815100, -0.88534802, 0.84364498, -0.27196199, -0.46292600]
  cam_t_m2c: [-24.70347512, 8.75338612, 999.07126565]
  obj_bb: [282, 206, 81, 105]
  obj_id: 13
172:
- cam_R_m2c: [-0.29771999, -0.95183903, -0.07324560, -0.45344701, 0.20851301, -0.86654902, 0.84008801, -0.22477600, -0.49368700]
  cam_t_m2c: [-84.73896606, -103.47098942, 1055.13383845]
  obj_bb: [253, 147, 72, 95]
  obj_id: 13
