0:
- cam_R_m2c: [-0.00145487, 0.99319601, -0.11644500, 0.89669001, -0.05024980, -0.43979800, -0.44265699, -0.10505500, -0.89051598]
  cam_t_m2c: [74.94730737, -151.71167723, 996.39814579]
  obj_bb: [332, 86, 73, 116]
  obj_id: 14
1:
- cam_R_m2c: [-0.06004410, 0.98347402, -0.17080399, 0.87906498, -0.02896840, -0.47582099, -0.47290599, -0.17871800, -0.86279798]
  cam_t_m2c: [124.77183954, -122.60897238, 946.90663404]
  obj_bb: [361, 95, 77, 123]
  obj_id: 14
2:
- cam_R_m2c: [-0.14377800, 0.98351902, -0.10963200, 0.88194197, 0.07709390, -0.46501100, -0.44889501, -0.16354799, -0.87848997]
  cam_t_m2c: [75.49116027, -139.99625173, 852.16838144]
  obj_bb: [326, 65, 89, 139]
  obj_id: 14
3:
- cam_R_m2c: [-0.14917099, 0.98416299, -0.09576890, 0.88728398, 0.09047760, -0.45226201, -0.43643400, -0.15243900, -0.88672900]
  cam_t_m2c: [67.70008613, -152.82909791, 839.52085989]
  obj_bb: [320, 53, 91, 142]
  obj_id: 14
4:
- cam_R_m2c: [-0.19379500, 0.98009002, 0.04319990, 0.87984598, 0.19311500, -0.43425500, -0.43395099, -0.04614710, -0.89975399]
  cam_t_m2c: [-21.17299551, -151.04508288, 767.58159308]
  obj_bb: [249, 36, 106, 157]
  obj_id: 14
5:
- cam_R_m2c: [-0.19070500, 0.97900200, 0.07202220, 0.86803198, 0.20244101, -0.45336300, -0.45842299, -0.02394120, -0.88841099]
  cam_t_m2c: [-45.79393879, -132.14525283, 750.35318604]
  obj_bb: [227, 46, 110, 160]
  obj_id: 14
6:
- cam_R_m2c: [-0.21786100, 0.97515702, 0.04005790, 0.86227697, 0.21154401, -0.46013999, -0.45718300, -0.06570540, -0.88694203]
  cam_t_m2c: [-53.31390346, -111.00420518, 646.44769032]
  obj_bb: [198, 32, 139, 186]
  obj_id: 14
7:
- cam_R_m2c: [-0.45806399, 0.88573200, 0.07520800, 0.71217000, 0.41630101, -0.56524998, -0.53196901, -0.20536000, -0.82148403]
  cam_t_m2c: [72.52642296, -135.23475392, 991.08840501]
  obj_bb: [316, 95, 91, 124]
  obj_id: 14
8:
- cam_R_m2c: [-0.48448801, 0.87206298, 0.06911660, 0.70714200, 0.43692300, -0.55592197, -0.51499802, -0.22046199, -0.82835603]
  cam_t_m2c: [96.02881954, -134.18832680, 951.11295329]
  obj_bb: [330, 89, 95, 130]
  obj_id: 14
9:
- cam_R_m2c: [-0.46177199, 0.88604403, 0.04114360, 0.73778802, 0.40942800, -0.53669202, -0.49237800, -0.21747400, -0.84277499]
  cam_t_m2c: [81.51602474, -139.35794660, 854.31393265]
  obj_bb: [319, 67, 107, 145]
  obj_id: 14
10:
- cam_R_m2c: [-0.24697800, 0.95913100, -0.13809000, 0.82169098, 0.13175300, -0.55449599, -0.51363999, -0.25041601, -0.82064998]
  cam_t_m2c: [39.06728062, -111.83451995, 744.06743797]
  obj_bb: [288, 58, 122, 166]
  obj_id: 14
11:
- cam_R_m2c: [-0.13902700, 0.96952701, -0.20171300, 0.84880102, 0.01174240, -0.52858198, -0.51010603, -0.24470200, -0.82456797]
  cam_t_m2c: [-5.59748588, -104.39048579, 659.44352828]
  obj_bb: [244, 41, 140, 184]
  obj_id: 14
12:
- cam_R_m2c: [0.06370020, 0.99495101, -0.07755300, 0.89306098, -0.09151470, -0.44053099, -0.44540399, -0.04119770, -0.89438200]
  cam_t_m2c: [85.96265328, -78.11311483, 943.96974040]
  obj_bb: [343, 125, 79, 116]
  obj_id: 14
13:
- cam_R_m2c: [0.04702320, 0.99401498, -0.09860620, 0.91682601, -0.08213390, -0.39074799, -0.39650801, -0.07203050, -0.91520101]
  cam_t_m2c: [54.74508121, -122.01440931, 808.65562239]
  obj_bb: [321, 71, 92, 139]
  obj_id: 14
14:
- cam_R_m2c: [-0.08835480, 0.99594498, -0.01692490, 0.93474698, 0.07703110, -0.34686300, -0.34415200, -0.04646750, -0.93776298]
  cam_t_m2c: [34.38492841, -160.29573703, 711.11189771]
  obj_bb: [297, 12, 105, 164]
  obj_id: 14
15:
- cam_R_m2c: [-0.21450700, 0.97521800, 0.05418410, 0.91220301, 0.21985701, -0.34575799, -0.34910199, -0.02474060, -0.93675798]
  cam_t_m2c: [-6.83929016, -152.42204930, 623.61990683]
  obj_bb: [243, -16, 130, 192]
  obj_id: 14
16:
- cam_R_m2c: [0.50339001, 0.85702401, -0.11003600, 0.73137897, -0.49043301, -0.47387800, -0.46009001, 0.15806700, -0.87368900]
  cam_t_m2c: [14.11344769, -62.26385402, 972.80560305]
  obj_bb: [294, 140, 96, 114]
  obj_id: 14
17:
- cam_R_m2c: [0.51633000, 0.84873497, -0.11424100, 0.72776699, -0.50517398, -0.46384799, -0.45139500, 0.15635800, -0.87851799]
  cam_t_m2c: [13.69373520, -67.47200032, 897.25261666]
  obj_bb: [290, 127, 106, 124]
  obj_id: 14
18:
- cam_R_m2c: [0.50304300, 0.85611999, -0.11834700, 0.73042703, -0.49433699, -0.47128299, -0.46197799, 0.15063199, -0.87400597]
  cam_t_m2c: [15.10935420, -54.09660949, 840.86577967]
  obj_bb: [289, 128, 113, 132]
  obj_id: 14
19:
- cam_R_m2c: [0.42243099, 0.90221697, -0.08692590, 0.75960100, -0.40470999, -0.50913298, -0.49452800, 0.14904401, -0.85628700]
  cam_t_m2c: [8.38189340, -19.28118116, 747.26508900]
  obj_bb: [284, 139, 120, 150]
  obj_id: 14
20:
- cam_R_m2c: [0.29943201, 0.95405900, 0.01059160, 0.85775697, -0.26431301, -0.44089800, -0.41784400, 0.14110400, -0.89749497]
  cam_t_m2c: [-22.43549781, -74.47712293, 650.72466634]
  obj_bb: [257, 69, 126, 177]
  obj_id: 14
21:
- cam_R_m2c: [-0.11012300, 0.99362099, -0.02429620, 0.98235297, 0.10509100, -0.15471800, -0.15117800, -0.04090540, -0.98765999]
  cam_t_m2c: [-55.21706176, -105.94756511, 992.52843468]
  obj_bb: [250, 124, 81, 107]
  obj_id: 14
22:
- cam_R_m2c: [-0.12630500, 0.99169397, -0.02430370, 0.98259300, 0.12170700, -0.14034900, -0.13622500, -0.04160740, -0.98980403]
  cam_t_m2c: [-46.17366758, -111.06100758, 945.27051492]
  obj_bb: [251, 115, 86, 113]
  obj_id: 14
23:
- cam_R_m2c: [-0.44005400, 0.89650798, 0.05124410, 0.88767397, 0.44291601, -0.12593800, -0.13560100, -0.00993140, -0.99071401]
  cam_t_m2c: [-22.62882920, -134.08780556, 841.94636579]
  obj_bb: [245, 81, 118, 135]
  obj_id: 14
24:
- cam_R_m2c: [-0.43109900, 0.89692301, 0.09839770, 0.86018598, 0.44145399, -0.25534201, -0.27246001, -0.02543730, -0.96183097]
  cam_t_m2c: [-86.89780943, -30.15246904, 746.51696007]
  obj_bb: [180, 140, 141, 153]
  obj_id: 14
25:
- cam_R_m2c: [-0.41259500, 0.91068000, 0.02069380, 0.88760000, 0.40703800, -0.21560700, -0.20477200, -0.07059060, -0.97626102]
  cam_t_m2c: [-61.08215375, -58.02259277, 642.24106540]
  obj_bb: [178, 95, 167, 181]
  obj_id: 14
26:
- cam_R_m2c: [0.32297400, 0.94313598, 0.07862680, 0.87551802, -0.26620099, -0.40324399, -0.35938299, 0.19907600, -0.91170901]
  cam_t_m2c: [-69.15627491, 22.34193567, 994.57554368]
  obj_bb: [250, 194, 86, 110]
  obj_id: 14
27:
- cam_R_m2c: [0.31545800, 0.94719201, 0.05755950, 0.87851602, -0.26857799, -0.39506400, -0.35874200, 0.17519300, -0.91684902]
  cam_t_m2c: [-54.97959564, 11.67238146, 947.98796637]
  obj_bb: [256, 185, 88, 115]
  obj_id: 14
28:
- cam_R_m2c: [0.11423200, 0.98949701, 0.08858510, 0.91346103, -0.06955980, -0.40093800, -0.39056501, 0.12671900, -0.91181201]
  cam_t_m2c: [-58.02523995, 20.20020493, 848.34394411]
  obj_bb: [247, 184, 88, 124]
  obj_id: 14
29:
- cam_R_m2c: [0.09176700, 0.99280900, 0.07686920, 0.90908098, -0.05202300, -0.41336000, -0.40638801, 0.10781300, -0.90731698]
  cam_t_m2c: [-52.45224946, 22.39342360, 829.36675652]
  obj_bb: [248, 184, 89, 126]
  obj_id: 14
30:
- cam_R_m2c: [0.00555179, 0.99869001, 0.05087210, 0.92168599, 0.01462320, -0.38766101, -0.38789701, 0.04904030, -0.92039698]
  cam_t_m2c: [-41.03861841, 4.06129958, 749.34179860]
  obj_bb: [243, 163, 99, 139]
  obj_id: 14
31:
- cam_R_m2c: [0.03518320, 0.99822998, 0.04794910, 0.95996398, -0.02041480, -0.27937901, -0.27790499, 0.05585880, -0.95898300]
  cam_t_m2c: [-74.39485580, -44.73446814, 641.37871803]
  obj_bb: [197, 105, 117, 168]
  obj_id: 14
32:
- cam_R_m2c: [-0.49247801, 0.86997002, 0.02486380, 0.76629001, 0.44697699, -0.46153200, -0.41263199, -0.20824100, -0.88677502]
  cam_t_m2c: [-43.73796758, -15.76612878, 969.07613153]
  obj_bb: [239, 168, 112, 114]
  obj_id: 14
33:
- cam_R_m2c: [-0.51073700, 0.85966700, 0.01097860, 0.74849099, 0.45089599, -0.48626500, -0.42297599, -0.24013700, -0.87374198]
  cam_t_m2c: [-34.62332067, -4.45173262, 955.60486540]
  obj_bb: [243, 174, 114, 115]
  obj_id: 14
34:
- cam_R_m2c: [-0.57796597, 0.81483901, -0.04464130, 0.73573399, 0.49662700, -0.46049699, -0.35306099, -0.29899499, -0.88653803]
  cam_t_m2c: [-3.18716855, -55.38659029, 859.33521807]
  obj_bb: [251, 130, 134, 131]
  obj_id: 14
35:
- cam_R_m2c: [-0.56353599, 0.82276797, -0.07403100, 0.76113498, 0.48230299, -0.43365499, -0.32109201, -0.30072799, -0.89803302]
  cam_t_m2c: [-1.68574605, -75.25910756, 832.60679191]
  obj_bb: [249, 112, 140, 136]
  obj_id: 14
36:
- cam_R_m2c: [-0.36621401, 0.91833597, -0.15015399, 0.88573802, 0.29455599, -0.35875601, -0.28523001, -0.26437801, -0.92127502]
  cam_t_m2c: [-50.83360229, -88.99890070, 755.73417126]
  obj_bb: [207, 87, 150, 149]
  obj_id: 14
37:
- cam_R_m2c: [-0.23578200, 0.93952298, -0.24840300, 0.94576901, 0.16307101, -0.28094301, -0.22344500, -0.30117300, -0.92702103]
  cam_t_m2c: [-60.60610011, -91.57888816, 669.28089317]
  obj_bb: [187, 66, 165, 166]
  obj_id: 14
38:
- cam_R_m2c: [-0.25235099, 0.93748099, -0.23968400, 0.94290298, 0.18259300, -0.27855599, -0.21737701, -0.29629299, -0.93003100]
  cam_t_m2c: [-63.35185279, -92.46882375, 657.17397049]
  obj_bb: [180, 62, 171, 170]
  obj_id: 14
39:
- cam_R_m2c: [-0.36525500, 0.92161101, -0.13123301, 0.81990898, 0.25173199, -0.51417899, -0.44083700, -0.29540500, -0.84758401]
  cam_t_m2c: [86.04733718, -25.55055381, 983.88181106]
  obj_bb: [322, 160, 99, 115]
  obj_id: 14
40:
- cam_R_m2c: [-0.17583600, 0.95958102, -0.21974200, 0.85404599, 0.03768640, -0.51883000, -0.48957801, -0.27889901, -0.82615298]
  cam_t_m2c: [79.51893589, 17.15292179, 956.66412753]
  obj_bb: [324, 185, 92, 113]
  obj_id: 14
41:
- cam_R_m2c: [-0.37577701, 0.91205901, -0.16413499, 0.82347500, 0.24739701, -0.51057202, -0.42506501, -0.32702199, -0.84402400]
  cam_t_m2c: [57.17351119, -38.97197605, 752.24938215]
  obj_bb: [295, 122, 136, 153]
  obj_id: 14
42:
- cam_R_m2c: [-0.40250099, 0.90648901, -0.12755699, 0.82356799, 0.29774699, -0.48278600, -0.39966100, -0.29937300, -0.86639899]
  cam_t_m2c: [-18.90490210, -79.64988255, 656.44381167]
  obj_bb: [216, 65, 170, 181]
  obj_id: 14
43:
- cam_R_m2c: [-0.00620959, 0.95567501, -0.29435700, 0.93919700, -0.09548920, -0.32983300, -0.34332100, -0.27850699, -0.89697498]
  cam_t_m2c: [-108.13232736, -60.29356428, 621.86364636]
  obj_bb: [138, 81, 166, 176]
  obj_id: 14
44:
- cam_R_m2c: [-0.32636800, 0.93752003, -0.12058000, 0.91908300, 0.28493899, -0.27220699, -0.22084200, -0.19966200, -0.95465398]
  cam_t_m2c: [-58.48499552, -142.11392906, 976.47409255]
  obj_bb: [234, 94, 110, 113]
  obj_id: 14
45:
- cam_R_m2c: [-0.29618001, 0.94940102, -0.10447500, 0.92453599, 0.25750801, -0.28093299, -0.23981500, -0.17979699, -0.95402402]
  cam_t_m2c: [-82.36432985, -97.09252258, 933.59337890]
  obj_bb: [215, 116, 114, 118]
  obj_id: 14
46:
- cam_R_m2c: [-0.19081800, 0.98115999, -0.03023040, 0.94251800, 0.17452300, -0.28495899, -0.27431399, -0.08286810, -0.95806301]
  cam_t_m2c: [-110.63172206, -56.91821168, 917.33634256]
  obj_bb: [201, 141, 104, 117]
  obj_id: 14
47:
- cam_R_m2c: [-0.07932650, 0.99514103, 0.05832460, 0.94782001, 0.09341920, -0.30480999, -0.30877799, 0.03110170, -0.95062602]
  cam_t_m2c: [-115.85672321, 29.79036035, 948.87081648]
  obj_bb: [209, 201, 84, 110]
  obj_id: 14
48:
- cam_R_m2c: [-0.23499900, 0.97065198, 0.05108350, 0.88182598, 0.23501100, -0.40884301, -0.40885001, -0.05103120, -0.91117400]
  cam_t_m2c: [-82.33102332, -19.25137857, 1002.80098048]
  obj_bb: [229, 169, 90, 108]
  obj_id: 14
49:
- cam_R_m2c: [-0.13084801, 0.99139798, -0.00307612, 0.87132102, 0.11351900, -0.47740301, -0.47294700, -0.06514770, -0.87867898]
  cam_t_m2c: [-20.20401005, 53.79373604, 993.36876521]
  obj_bb: [270, 211, 79, 106]
  obj_id: 14
50:
- cam_R_m2c: [-0.00017464, 0.98001200, -0.19893600, 0.90847600, -0.08298730, -0.40961599, -0.41793701, -0.18080001, -0.89030302]
  cam_t_m2c: [-32.65744191, -19.79575122, 715.12690205]
  obj_bb: [236, 136, 118, 150]
  obj_id: 14
51:
- cam_R_m2c: [0.51043499, 0.85377598, 0.10258100, 0.77721101, -0.40700200, -0.47988701, -0.36796501, 0.32467899, -0.87131202]
  cam_t_m2c: [-77.03721595, 21.10839980, 1001.42516040]
  obj_bb: [237, 192, 101, 110]
  obj_id: 14
52:
- cam_R_m2c: [0.43412799, 0.89483702, 0.10391600, 0.79019803, -0.32287100, -0.52090502, -0.43257400, 0.30825400, -0.84726602]
  cam_t_m2c: [-37.80768277, 62.31256573, 983.94820079]
  obj_bb: [259, 214, 101, 112]
  obj_id: 14
53:
- cam_R_m2c: [0.17902000, 0.96554703, 0.18886501, 0.86983699, -0.06563310, -0.48895401, -0.45971200, 0.25181401, -0.85161901]
  cam_t_m2c: [23.63366328, -3.80691972, 855.72785537]
  obj_bb: [295, 164, 105, 126]
  obj_id: 14
54:
- cam_R_m2c: [0.14089100, 0.98954701, -0.03076150, 0.98166502, -0.14366300, -0.12527500, -0.12838501, -0.01254730, -0.99164498]
  cam_t_m2c: [3.83125350, -15.80358013, 998.26996820]
  obj_bb: [296, 181, 73, 109]
  obj_id: 14
55:
- cam_R_m2c: [0.11520000, 0.99199200, -0.05176740, 0.98690599, -0.12022100, -0.10753400, -0.11289700, -0.03870160, -0.99285299]
  cam_t_m2c: [-2.17700957, -44.18134346, 950.32730119]
  obj_bb: [289, 160, 77, 115]
  obj_id: 14
56:
- cam_R_m2c: [-0.11259400, 0.99362302, 0.00596265, 0.97788399, 0.11187100, -0.17671700, -0.17625700, -0.01406640, -0.98424399]
  cam_t_m2c: [-20.67103017, -38.87530675, 919.66475077]
  obj_bb: [267, 158, 82, 117]
  obj_id: 14
57:
- cam_R_m2c: [0.23457600, 0.97209698, 0.00086872, 0.91832900, -0.22130799, -0.32816899, -0.31882000, 0.07777840, -0.94461799]
  cam_t_m2c: [109.09727089, 1.62260871, 929.90828451]
  obj_bb: [351, 179, 97, 117]
  obj_id: 14
58:
- cam_R_m2c: [0.33598301, 0.94186598, -0.00195845, 0.88289398, -0.31567001, -0.34763500, -0.32804400, 0.11507000, -0.93762797]
  cam_t_m2c: [52.66309660, 65.52296496, 984.09913615]
  obj_bb: [316, 222, 94, 113]
  obj_id: 14
59:
- cam_R_m2c: [0.26708201, 0.96348602, -0.01902450, 0.90496701, -0.25754800, -0.33867800, -0.33121100, 0.07323840, -0.94071001]
  cam_t_m2c: [28.50879289, -6.33413143, 750.68605943]
  obj_bb: [302, 156, 112, 148]
  obj_id: 14
60:
- cam_R_m2c: [0.20943600, 0.97747201, -0.02617170, 0.95132297, -0.20987600, -0.22569300, -0.22610100, 0.02237040, -0.97384697]
  cam_t_m2c: [36.75689494, -30.85547391, 664.64598177]
  obj_bb: [310, 126, 120, 170]
  obj_id: 14
61:
- cam_R_m2c: [0.04550750, 0.99812198, 0.04100800, 0.98886698, -0.03918770, -0.14355201, -0.14167500, 0.04708410, -0.98879302]
  cam_t_m2c: [37.28727098, -125.08434944, 772.71844260]
  obj_bb: [312, 71, 93, 139]
  obj_id: 14
62:
- cam_R_m2c: [-0.69935900, 0.70997202, -0.08268330, 0.63521898, 0.56431502, -0.52730000, -0.32770899, -0.42129400, -0.84564698]
  cam_t_m2c: [-39.59308830, -74.30695881, 1016.03937897]
  obj_bb: [238, 137, 125, 116]
  obj_id: 14
63:
- cam_R_m2c: [-0.64413798, 0.75629002, -0.11450600, 0.67767400, 0.49481899, -0.54397899, -0.35474601, -0.42799500, -0.83124900]
  cam_t_m2c: [-64.20709588, -52.79463003, 966.34245473]
  obj_bb: [218, 143, 134, 122]
  obj_id: 14
64:
- cam_R_m2c: [-0.43311200, 0.85092002, -0.29723799, 0.81865501, 0.23339900, -0.52471799, -0.37711799, -0.47059599, -0.79769802]
  cam_t_m2c: [-53.80710722, -8.93402783, 869.87311645]
  obj_bb: [214, 160, 148, 130]
  obj_id: 14
65:
- cam_R_m2c: [-0.31146699, 0.86102200, -0.40203199, 0.87762398, 0.09842110, -0.46913701, -0.36436900, -0.49895400, -0.78630799]
  cam_t_m2c: [-41.52216433, -11.19731195, 771.27630707]
  obj_bb: [212, 150, 162, 140]
  obj_id: 14
66:
- cam_R_m2c: [-0.45017099, 0.82237101, -0.34792599, 0.84126103, 0.25996399, -0.47402301, -0.29937500, -0.50608802, -0.80885702]
  cam_t_m2c: [-54.16710262, -60.44357312, 672.14491633]
  obj_bb: [175, 88, 201, 172]
  obj_id: 14
67:
- cam_R_m2c: [-0.58863598, 0.78683501, -0.18546601, 0.77703899, 0.48743099, -0.39827201, -0.22297300, -0.37855199, -0.89832199]
  cam_t_m2c: [-91.24648746, -101.59229876, 1007.98542333]
  obj_bb: [206, 121, 132, 110]
  obj_id: 14
68:
- cam_R_m2c: [-0.45461100, 0.87126303, -0.18501100, 0.82950300, 0.33848700, -0.44424200, -0.32442799, -0.35542500, -0.87659502]
  cam_t_m2c: [-145.61550883, -9.22153751, 949.97338700]
  obj_bb: [167, 170, 138, 116]
  obj_id: 14
69:
- cam_R_m2c: [-0.24111199, 0.93165201, -0.27182499, 0.90378499, 0.11349900, -0.41266200, -0.35360599, -0.34516901, -0.86938000]
  cam_t_m2c: [-129.08371718, 30.56707461, 848.26989979]
  obj_bb: [166, 191, 141, 126]
  obj_id: 14
70:
- cam_R_m2c: [-0.38976601, 0.86989802, -0.30225700, 0.88844401, 0.26880801, -0.37203500, -0.24238300, -0.41354501, -0.87762803]
  cam_t_m2c: [-156.05612194, -82.95570322, 639.13135763]
  obj_bb: [69, 61, 222, 179]
  obj_id: 14
71:
- cam_R_m2c: [-0.37324500, 0.90494502, -0.20435800, 0.71486199, 0.14013700, -0.68507999, -0.59132200, -0.40178999, -0.69921601]
  cam_t_m2c: [-54.53819146, -54.53355180, 1026.57164724]
  obj_bb: [236, 143, 114, 122]
  obj_id: 14
72:
- cam_R_m2c: [-0.30901501, 0.90879202, -0.28036901, 0.74462599, 0.04780010, -0.66576803, -0.59164298, -0.41450199, -0.69148201]
  cam_t_m2c: [-55.73923416, -27.13140150, 973.52248730]
  obj_bb: [230, 155, 121, 125]
  obj_id: 14
73:
- cam_R_m2c: [-0.25455400, 0.88334399, -0.39358100, 0.77045101, -0.06072920, -0.63459998, -0.58447099, -0.46477500, -0.66511399]
  cam_t_m2c: [-21.98643047, -8.54154358, 875.72331578]
  obj_bb: [243, 158, 134, 135]
  obj_id: 14
74:
- cam_R_m2c: [-0.34561899, 0.89179802, -0.29196599, 0.75067699, 0.07606940, -0.65627599, -0.56305599, -0.44599301, -0.69574302]
  cam_t_m2c: [-67.14398488, -51.04261645, 775.61572391]
  obj_bb: [192, 113, 160, 159]
  obj_id: 14
75:
- cam_R_m2c: [-0.35428801, 0.88735002, -0.29511100, 0.78017199, 0.10648400, -0.61643600, -0.51556897, -0.44863299, -0.73001099]
  cam_t_m2c: [-78.73011427, -73.61913341, 693.74134505]
  obj_bb: [163, 77, 185, 179]
  obj_id: 14
76:
- cam_R_m2c: [-0.35325801, 0.88594598, -0.30051300, 0.77823102, 0.10001700, -0.61996198, -0.51919699, -0.45287499, -0.72480297]
  cam_t_m2c: [-84.14980741, -68.93620595, 672.66795522]
  obj_bb: [152, 76, 192, 184]
  obj_id: 14
77:
- cam_R_m2c: [-0.58564597, 0.78424299, -0.20489500, 0.67874098, 0.33629400, -0.65285301, -0.44308999, -0.52141100, -0.72924697]
  cam_t_m2c: [36.69486593, -73.22054499, 1025.02608656]
  obj_bb: [283, 133, 122, 123]
  obj_id: 14
78:
- cam_R_m2c: [-0.64013398, 0.75147003, -0.15975501, 0.63042802, 0.39496100, -0.66825598, -0.43907699, -0.52848703, -0.72657597]
  cam_t_m2c: [38.01580031, -81.77260856, 975.27735230]
  obj_bb: [282, 123, 127, 130]
  obj_id: 14
79:
- cam_R_m2c: [-0.51847303, 0.82744497, -0.21568599, 0.71666700, 0.28289601, -0.63746202, -0.46644801, -0.48508200, -0.73967701]
  cam_t_m2c: [-45.86556063, -67.72260100, 870.09651194]
  obj_bb: [219, 117, 147, 143]
  obj_id: 14
80:
- cam_R_m2c: [-0.36735299, 0.88253599, -0.29356799, 0.78223801, 0.12241600, -0.61083400, -0.50314498, -0.45403099, -0.73532301]
  cam_t_m2c: [-118.00628370, -20.19064789, 774.14324415]
  obj_bb: [149, 138, 171, 154]
  obj_id: 14
81:
- cam_R_m2c: [-0.40106499, 0.87394798, -0.27452001, 0.77517098, 0.16410400, -0.61006600, -0.48811600, -0.45747599, -0.74327499]
  cam_t_m2c: [-125.34289836, -40.04492209, 719.11699676]
  obj_bb: [126, 112, 189, 169]
  obj_id: 14
82:
- cam_R_m2c: [-0.40672499, 0.87637901, -0.25794101, 0.77937102, 0.18556400, -0.59845400, -0.47660801, -0.44443801, -0.75849801]
  cam_t_m2c: [-138.19265662, -58.02084739, 661.32254623]
  obj_bb: [93, 83, 211, 186]
  obj_id: 14
83:
- cam_R_m2c: [-0.34683099, 0.92832702, -0.13385800, 0.84942698, 0.25037101, -0.46452999, -0.39772201, -0.27481499, -0.87538201]
  cam_t_m2c: [-124.41600851, -89.69587521, 1003.78207690]
  obj_bb: [194, 125, 116, 113]
  obj_id: 14
84:
- cam_R_m2c: [-0.36756000, 0.91472203, -0.16788100, 0.84234601, 0.25094101, -0.47695100, -0.39414901, -0.31672201, -0.86274803]
  cam_t_m2c: [-96.01238029, -75.81563225, 957.41620398]
  obj_bb: [204, 127, 123, 119]
  obj_id: 14
85:
- cam_R_m2c: [-0.55216497, 0.81976998, -0.15195800, 0.75776702, 0.41743401, -0.50153601, -0.34771201, -0.39207900, -0.85168701]
  cam_t_m2c: [-4.03208602, -88.79082275, 860.80032488]
  obj_bb: [248, 104, 142, 138]
  obj_id: 14
86:
- cam_R_m2c: [-0.37109801, 0.88840199, -0.27023599, 0.85824102, 0.21702200, -0.46510699, -0.35455501, -0.40452799, -0.84299999]
  cam_t_m2c: [-58.59876674, -78.87020714, 757.41394762]
  obj_bb: [196, 92, 163, 152]
  obj_id: 14
87:
- cam_R_m2c: [-0.28772199, 0.91639900, -0.27826101, 0.86902499, 0.12770399, -0.47800300, -0.40250599, -0.37934700, -0.83311701]
  cam_t_m2c: [-122.62141577, -59.18124791, 660.34538645]
  obj_bb: [116, 86, 195, 173]
  obj_id: 14
88:
- cam_R_m2c: [-0.41301000, 0.88299102, -0.22304700, 0.88861197, 0.33706501, -0.31105599, -0.19947900, -0.32667100, -0.92384702]
  cam_t_m2c: [11.46688010, -35.50075771, 1005.17549808]
  obj_bb: [273, 163, 115, 109]
  obj_id: 14
89:
- cam_R_m2c: [-0.26525199, 0.94149899, -0.20789500, 0.93105602, 0.19408400, -0.30897599, -0.25055200, -0.27551800, -0.92807001]
  cam_t_m2c: [-58.26507531, 19.20178195, 955.29586399]
  obj_bb: [232, 194, 114, 113]
  obj_id: 14
90:
- cam_R_m2c: [-0.24568599, 0.93723500, -0.24744400, 0.94364399, 0.17285100, -0.28224000, -0.22175500, -0.30284101, -0.92688298]
  cam_t_m2c: [-48.93230402, 4.01773440, 812.75001584]
  obj_bb: [222, 175, 134, 134]
  obj_id: 14
91:
- cam_R_m2c: [-0.01168980, 0.98488498, -0.17281300, 0.98328900, -0.02007830, -0.18094300, -0.18167800, -0.17204000, -0.96819198]
  cam_t_m2c: [32.52083400, 35.41123466, 993.04140731]
  obj_bb: [304, 211, 76, 108]
  obj_id: 14
92:
- cam_R_m2c: [0.11945400, 0.98591501, -0.11706000, 0.97258699, -0.13989399, -0.18575101, -0.19950999, -0.09166280, -0.97559899]
  cam_t_m2c: [19.69268963, 71.77164578, 840.77898581]
  obj_bb: [298, 231, 88, 132]
  obj_id: 14
93:
- cam_R_m2c: [-0.27245599, 0.95594400, -0.10926500, 0.95772201, 0.25853899, -0.12619500, -0.09238600, -0.13902800, -0.98597002]
  cam_t_m2c: [37.77286154, -0.61284478, 736.44329013]
  obj_bb: [287, 170, 125, 154]
  obj_id: 14
94:
- cam_R_m2c: [-0.11793700, 0.98405999, -0.13310701, 0.99256098, 0.11273600, -0.04597980, -0.03024090, -0.13753900, -0.99003500]
  cam_t_m2c: [50.83347081, -50.04493658, 641.54076832]
  obj_bb: [304, 114, 121, 178]
  obj_id: 14
95:
- cam_R_m2c: [0.68972301, 0.72088701, -0.06785440, 0.67232001, -0.67240000, -0.30961999, -0.26882601, 0.16793200, -0.94843602]
  cam_t_m2c: [166.53941117, -9.43969696, 867.32661552]
  obj_bb: [370, 172, 145, 124]
  obj_id: 14
96:
- cam_R_m2c: [0.69778103, 0.71577799, -0.02765060, 0.68572199, -0.67864400, -0.26311201, -0.20709400, 0.16463400, -0.96436900]
  cam_t_m2c: [126.09665312, 45.70085991, 872.25985219]
  obj_bb: [344, 213, 142, 124]
  obj_id: 14
97:
- cam_R_m2c: [0.71097100, 0.70317400, 0.00811729, 0.66946399, -0.67326403, -0.31389901, -0.21526100, 0.22860800, -0.94942200]
  cam_t_m2c: [88.81421010, 77.67550422, 955.83909176]
  obj_bb: [320, 235, 128, 112]
  obj_id: 14
98:
- cam_R_m2c: [0.70122898, 0.71286398, -0.01009580, 0.68091798, -0.67386699, -0.28680000, -0.21125300, 0.19423801, -0.95793700]
  cam_t_m2c: [108.81745731, 66.89432047, 981.45531765]
  obj_bb: [332, 229, 125, 109]
  obj_id: 14
99:
- cam_R_m2c: [0.60096902, 0.79704398, -0.05963290, 0.77914202, -0.60083997, -0.17868599, -0.17825100, 0.06092240, -0.98209703]
  cam_t_m2c: [92.78578750, 20.65754256, 824.64005193]
  obj_bb: [330, 194, 136, 136]
  obj_id: 14
100:
- cam_R_m2c: [0.39610499, 0.91788501, 0.02424490, 0.90693498, -0.38698199, -0.16647500, -0.14342301, 0.08793030, -0.98574799]
  cam_t_m2c: [65.08189332, 33.68117108, 746.88055750]
  obj_bb: [317, 198, 135, 154]
  obj_id: 14
101:
- cam_R_m2c: [0.30354300, 0.95235503, 0.02970670, 0.95096099, -0.30085900, -0.07181370, -0.05945450, 0.05004850, -0.99697602]
  cam_t_m2c: [44.20591486, -19.64838457, 643.82790765]
  obj_bb: [305, 142, 142, 181]
  obj_id: 14
102:
- cam_R_m2c: [0.10105100, 0.99185199, 0.07757400, 0.97317398, -0.08234620, -0.21483099, -0.20669200, 0.09720190, -0.97356600]
  cam_t_m2c: [-62.42312855, -32.97407551, 698.98604312]
  obj_bb: [225, 132, 106, 157]
  obj_id: 14
103:
- cam_R_m2c: [0.73399800, 0.64322102, -0.21797600, 0.32857201, -0.61721200, -0.71490598, -0.59437901, 0.45311901, -0.66437697]
  cam_t_m2c: [-54.80066752, -113.92875765, 963.84379190]
  obj_bb: [241, 110, 108, 128]
  obj_id: 14
104:
- cam_R_m2c: [0.70403999, 0.70651603, -0.07184650, 0.44916400, -0.52137202, -0.72555000, -0.55007201, 0.47854599, -0.68440801]
  cam_t_m2c: [-73.35558625, -153.77892889, 1010.66934495]
  obj_bb: [241, 88, 100, 128]
  obj_id: 14
105:
- cam_R_m2c: [0.65826899, 0.75268102, 0.01237550, 0.53022599, -0.45192200, -0.71737498, -0.53436202, 0.47878799, -0.69657701]
  cam_t_m2c: [-37.06592864, -135.39415983, 938.60835535]
  obj_bb: [252, 85, 115, 138]
  obj_id: 14
106:
- cam_R_m2c: [0.47278199, 0.87088901, 0.13427500, 0.66979897, -0.25615701, -0.69695997, -0.57257903, 0.41944799, -0.70442700]
  cam_t_m2c: [-27.81284047, -95.86262528, 864.84583974]
  obj_bb: [253, 96, 122, 148]
  obj_id: 14
107:
- cam_R_m2c: [0.37806401, 0.91147298, 0.16212700, 0.71748000, -0.17779900, -0.67350501, -0.58505601, 0.37095100, -0.72118300]
  cam_t_m2c: [-13.13522457, -97.60946482, 835.16330486]
  obj_bb: [263, 89, 122, 152]
  obj_id: 14
108:
- cam_R_m2c: [0.34936500, 0.93361598, 0.07940460, 0.72462201, -0.21548399, -0.65459102, -0.59402603, 0.28622901, -0.75180203]
  cam_t_m2c: [16.39264427, -87.27544879, 740.84211188]
  obj_bb: [283, 77, 131, 171]
  obj_id: 14
109:
- cam_R_m2c: [0.51186597, 0.85877699, -0.02224190, 0.67115700, -0.41593000, -0.61363697, -0.53622800, 0.29917201, -0.78927499]
  cam_t_m2c: [-6.39541027, -73.16344559, 622.79344743]
  obj_bb: [256, 61, 158, 199]
  obj_id: 14
110:
- cam_R_m2c: [0.47106001, 0.88202298, 0.01174160, 0.71418297, -0.37354100, -0.59195399, -0.51773101, 0.28723100, -0.80588597]
  cam_t_m2c: [-18.79629056, -98.68586411, 612.38030284]
  obj_bb: [245, 30, 157, 207]
  obj_id: 14
111:
- cam_R_m2c: [0.17392400, 0.95994902, 0.21965399, 0.84124798, -0.02888410, -0.53987801, -0.51191097, 0.27868101, -0.81257898]
  cam_t_m2c: [-30.75294064, -75.33011935, 614.73889884]
  obj_bb: [241, 54, 136, 196]
  obj_id: 14
112:
- cam_R_m2c: [0.55601603, 0.81961501, -0.13812000, 0.45055100, -0.43685099, -0.77856600, -0.69846201, 0.37066501, -0.61217499]
  cam_t_m2c: [21.21324907, -21.54535576, 1006.19388456]
  obj_bb: [297, 164, 96, 125]
  obj_id: 14
113:
- cam_R_m2c: [0.52606499, 0.83389401, -0.16696499, 0.44664401, -0.43797800, -0.78018200, -0.72371602, 0.33585200, -0.60285801]
  cam_t_m2c: [42.55042004, -9.00505383, 964.01268585]
  obj_bb: [309, 168, 99, 131]
  obj_id: 14
114:
- cam_R_m2c: [0.50124002, 0.85043001, -0.15977000, 0.46544299, -0.42063099, -0.77873802, -0.72946697, 0.31597099, -0.60666400]
  cam_t_m2c: [38.18089349, -5.14163775, 930.90326922]
  obj_bb: [306, 167, 102, 135]
  obj_id: 14
115:
- cam_R_m2c: [0.13142499, 0.98736203, 0.08856890, 0.72767502, -0.03541200, -0.68500698, -0.67321301, 0.15447600, -0.72313303]
  cam_t_m2c: [47.06145013, -43.81837161, 690.77428359]
  obj_bb: [315, 102, 123, 180]
  obj_id: 14
116:
- cam_R_m2c: [0.09017320, 0.99208701, 0.08736130, 0.75966400, -0.01179150, -0.65020901, -0.64403403, 0.12499700, -0.75471598]
  cam_t_m2c: [49.86035811, -60.23313676, 626.52715577]
  obj_bb: [319, 71, 131, 198]
  obj_id: 14
117:
- cam_R_m2c: [0.17375800, 0.97117400, -0.16318201, 0.55382001, -0.23338300, -0.79925901, -0.81430399, 0.04850430, -0.57840800]
  cam_t_m2c: [81.07620320, 24.26588980, 1005.19079393]
  obj_bb: [341, 187, 75, 127]
  obj_id: 14
118:
- cam_R_m2c: [0.10836500, 0.98480302, -0.13571700, 0.60378999, -0.17365600, -0.77799797, -0.78974301, 0.00236288, -0.61343300]
  cam_t_m2c: [102.80870060, -13.13196122, 929.51144556]
  obj_bb: [355, 159, 82, 137]
  obj_id: 14
119:
- cam_R_m2c: [0.01260900, 0.99900401, -0.04280630, 0.67581302, -0.04006600, -0.73598301, -0.73696500, -0.01964900, -0.67564499]
  cam_t_m2c: [103.47868305, -37.31702727, 837.88085011]
  obj_bb: [358, 132, 91, 150]
  obj_id: 14
120:
- cam_R_m2c: [0.07288060, 0.99123198, -0.11022000, 0.73153698, -0.12824599, -0.66963100, -0.67789501, -0.03182660, -0.73447001]
  cam_t_m2c: [36.28276453, -62.06752224, 649.10649083]
  obj_bb: [302, 76, 121, 193]
  obj_id: 14
121:
- cam_R_m2c: [-0.03427400, 0.99933797, 0.01221760, 0.78450102, 0.03447560, -0.61916900, -0.61918002, -0.01163670, -0.78516299]
  cam_t_m2c: [70.10379697, 13.75265027, 979.82573171]
  obj_bb: [331, 181, 75, 118]
  obj_id: 14
122:
- cam_R_m2c: [-0.20587701, 0.97223699, -0.11122400, 0.75784802, 0.08649920, -0.64667201, -0.61909699, -0.21742500, -0.75461602]
  cam_t_m2c: [94.78851037, 1.22259282, 1000.54702944]
  obj_bb: [335, 174, 81, 119]
  obj_id: 14
123:
- cam_R_m2c: [-0.09710740, 0.99189597, -0.08193430, 0.80129898, 0.02908730, -0.59755701, -0.59033102, -0.12368100, -0.79762900]
  cam_t_m2c: [-29.45470858, -48.66291058, 765.40364365]
  obj_bb: [242, 114, 110, 156]
  obj_id: 14
124:
- cam_R_m2c: [0.30262899, 0.93400300, -0.18988000, 0.54113901, -0.33237401, -0.77246100, -0.78459197, 0.13101700, -0.60601097]
  cam_t_m2c: [21.10636880, 124.29653733, 992.15646299]
  obj_bb: [303, 246, 81, 124]
  obj_id: 14
125:
- cam_R_m2c: [0.05537890, 0.99825001, -0.02072190, 0.68647498, -0.05313690, -0.72521001, -0.72504199, 0.02593630, -0.68821597]
  cam_t_m2c: [60.84219195, 7.87155506, 851.31032049]
  obj_bb: [328, 165, 89, 145]
  obj_id: 14
126:
- cam_R_m2c: [-0.12272000, 0.98316699, 0.13536000, 0.76860398, 0.18043800, -0.61375099, -0.62784398, 0.02871820, -0.77780902]
  cam_t_m2c: [48.08527220, -43.98390161, 759.25038326]
  obj_bb: [313, 117, 100, 159]
  obj_id: 14
127:
- cam_R_m2c: [-0.11276300, 0.99210697, 0.05484990, 0.78611302, 0.12284000, -0.60575402, -0.60771000, -0.02518850, -0.79375899]
  cam_t_m2c: [49.82522417, -44.06779153, 660.62025810]
  obj_bb: [310, 96, 117, 183]
  obj_id: 14
128:
- cam_R_m2c: [-0.30272099, 0.94154799, -0.14780800, 0.60021400, 0.06786770, -0.79695499, -0.74033999, -0.32997200, -0.58567500]
  cam_t_m2c: [90.30999534, 80.59525570, 1019.12461240]
  obj_bb: [327, 219, 92, 124]
  obj_id: 14
129:
- cam_R_m2c: [-0.38201001, 0.92412001, -0.00839638, 0.57870102, 0.23211800, -0.78180999, -0.72053701, -0.30351800, -0.62345999]
  cam_t_m2c: [69.72280192, 43.96367577, 972.92337245]
  obj_bb: [314, 197, 94, 130]
  obj_id: 14
130:
- cam_R_m2c: [-0.42594999, 0.90444201, -0.02348160, 0.61422199, 0.27001899, -0.74149901, -0.66430199, -0.33026499, -0.67054302]
  cam_t_m2c: [69.10350266, -5.38921381, 877.69690361]
  obj_bb: [310, 159, 109, 145]
  obj_id: 14
131:
- cam_R_m2c: [-0.40261301, 0.91385800, -0.05260180, 0.63371003, 0.23680000, -0.73643500, -0.66054100, -0.32983199, -0.67445999]
  cam_t_m2c: [58.35536680, -12.91560902, 860.13575814]
  obj_bb: [302, 152, 112, 147]
  obj_id: 14
132:
- cam_R_m2c: [-0.18152000, 0.96055597, -0.21067400, 0.71342897, -0.01881250, -0.70047498, -0.67680800, -0.27745101, -0.68187398]
  cam_t_m2c: [-9.81477512, 1.86295672, 775.75429997]
  obj_bb: [250, 153, 126, 157]
  obj_id: 14
133:
- cam_R_m2c: [-0.57827199, 0.81417000, -0.05223480, 0.55687398, 0.34711301, -0.75458902, -0.59623200, -0.46544600, -0.65411597]
  cam_t_m2c: [126.70056463, 16.77285663, 1017.87394772]
  obj_bb: [341, 185, 103, 124]
  obj_id: 14
134:
- cam_R_m2c: [-0.36525199, 0.89613998, -0.25204101, 0.70320803, 0.08819530, -0.70549297, -0.60999203, -0.43492001, -0.66238600]
  cam_t_m2c: [32.56842707, 11.27189531, 833.21207219]
  obj_bb: [278, 166, 133, 148]
  obj_id: 14
135:
- cam_R_m2c: [-0.30129701, 0.90637499, -0.29615000, 0.75062197, 0.03391760, -0.65986103, -0.58803701, -0.42111000, -0.69056398]
  cam_t_m2c: [2.72713840, -17.36910900, 775.02922627]
  obj_bb: [251, 139, 145, 156]
  obj_id: 14
136:
- cam_R_m2c: [-0.56551600, 0.82369900, -0.04137780, 0.67820400, 0.43590501, -0.59162998, -0.46928799, -0.36263901, -0.80514699]
  cam_t_m2c: [11.38120338, -104.20607285, 666.05696685]
  obj_bb: [242, 45, 168, 190]
  obj_id: 14
137:
- cam_R_m2c: [-0.41065001, 0.89444900, -0.17699701, 0.78094798, 0.24483500, -0.57460898, -0.47062400, -0.37418801, -0.79905999]
  cam_t_m2c: [62.77908781, -58.09934743, 1011.75617257]
  obj_bb: [305, 142, 106, 118]
  obj_id: 14
138:
- cam_R_m2c: [-0.51819098, 0.84311098, -0.14367300, 0.74336702, 0.36092100, -0.56315202, -0.42294499, -0.39862201, -0.81376702]
  cam_t_m2c: [99.84898421, -74.00270262, 952.54678932]
  obj_bb: [324, 126, 115, 126]
  obj_id: 14
139:
- cam_R_m2c: [-0.01825050, 0.96960098, -0.24400900, 0.60834199, -0.18290900, -0.77231097, -0.79346502, -0.16253600, -0.58651000]
  cam_t_m2c: [78.26514916, 49.31655189, 985.58306559]
  obj_bb: [330, 201, 81, 127]
  obj_id: 14
140:
- cam_R_m2c: [0.05663440, 0.97793698, -0.20107700, 0.61609399, -0.19271401, -0.76373398, -0.78563398, -0.08062890, -0.61341500]
  cam_t_m2c: [40.81097782, 64.08208773, 970.79197899]
  obj_bb: [310, 209, 79, 128]
  obj_id: 14
141:
- cam_R_m2c: [-0.11842200, 0.99289101, -0.01200990, 0.71637601, 0.07705420, -0.69344598, -0.68759102, -0.09072280, -0.72040802]
  cam_t_m2c: [44.09521558, -6.56677942, 865.58124430]
  obj_bb: [307, 157, 87, 141]
  obj_id: 14
142:
- cam_R_m2c: [0.14152600, 0.97331601, -0.18062700, 0.78404897, -0.22160301, -0.57979298, -0.60434902, -0.05956460, -0.79448998]
  cam_t_m2c: [-39.90689570, -35.11983858, 645.47289550]
  obj_bb: [226, 102, 125, 184]
  obj_id: 14
143:
- cam_R_m2c: [0.65550601, 0.75454801, -0.03111410, 0.52440101, -0.48444200, -0.70022899, -0.54342902, 0.44268799, -0.71324003]
  cam_t_m2c: [-58.89047191, -23.38975490, 998.73981248]
  obj_bb: [247, 162, 103, 123]
  obj_id: 14
144:
- cam_R_m2c: [0.62967497, 0.77597702, -0.03698630, 0.55021298, -0.47907501, -0.68392402, -0.54842901, 0.41029999, -0.72861499]
  cam_t_m2c: [-33.79830692, -37.86409459, 968.35346831]
  obj_bb: [260, 151, 106, 127]
  obj_id: 14
145:
- cam_R_m2c: [0.25859401, 0.94375998, 0.20602500, 0.78916597, -0.08339960, -0.60849100, -0.55708700, 0.31994000, -0.76634997]
  cam_t_m2c: [38.90341965, -36.15271640, 861.07906333]
  obj_bb: [299, 137, 117, 139]
  obj_id: 14
146:
- cam_R_m2c: [0.04731270, 0.96226901, 0.26795399, 0.85879499, 0.09781100, -0.50289500, -0.51012897, 0.25391099, -0.82176501]
  cam_t_m2c: [65.02394052, -57.66569790, 758.22711828]
  obj_bb: [322, 108, 118, 151]
  obj_id: 14
147:
- cam_R_m2c: [-0.03383640, 0.94246298, 0.33259401, 0.89729500, 0.17520000, -0.40517399, -0.44013199, 0.28472501, -0.85159600]
  cam_t_m2c: [24.71674014, -75.38691943, 606.87754626]
  obj_bb: [282, 58, 145, 185]
  obj_id: 14
148:
- cam_R_m2c: [0.37110499, 0.92599398, 0.06940610, 0.72845697, -0.24395500, -0.64018500, -0.57587498, 0.28813499, -0.76507902]
  cam_t_m2c: [53.67323324, 26.62872082, 1006.05046129]
  obj_bb: [312, 190, 100, 118]
  obj_id: 14
149:
- cam_R_m2c: [0.03015510, 0.97768599, 0.20789500, 0.89122599, 0.06787040, -0.44845200, -0.45255500, 0.19880500, -0.86929297]
  cam_t_m2c: [67.92926149, -44.07539580, 750.93726818]
  obj_bb: [328, 120, 113, 145]
  obj_id: 14
150:
- cam_R_m2c: [0.26924199, 0.96173799, -0.05069070, 0.65456003, -0.22134800, -0.72288001, -0.70644099, 0.16145000, -0.68911099]
  cam_t_m2c: [75.03413185, 55.72050394, 1008.78477893]
  obj_bb: [333, 206, 86, 121]
  obj_id: 14
151:
- cam_R_m2c: [0.17329200, 0.98469001, 0.01885000, 0.71264702, -0.11215900, -0.69249898, -0.67978299, 0.13343801, -0.72117299]
  cam_t_m2c: [90.81891113, 35.22407073, 959.05005489]
  obj_bb: [342, 191, 90, 126]
  obj_id: 14
152:
- cam_R_m2c: [0.02667060, 0.99610001, 0.08409970, 0.76130700, 0.03428250, -0.64748502, -0.64784300, 0.08129450, -0.75742400]
  cam_t_m2c: [80.06556815, 16.95307168, 860.64375779]
  obj_bb: [342, 174, 89, 136]
  obj_id: 14
153:
- cam_R_m2c: [0.52224398, 0.84333903, -0.12664799, 0.52777803, -0.43627399, -0.72877699, -0.66986001, 0.31375700, -0.67293698]
  cam_t_m2c: [14.45846523, -14.84305510, 992.17499896]
  obj_bb: [294, 166, 95, 125]
  obj_id: 14
154:
- cam_R_m2c: [0.29689199, 0.95454699, 0.02635830, 0.72277600, -0.20659401, -0.65948099, -0.62405998, 0.21484500, -0.75125903]
  cam_t_m2c: [58.18532928, -39.79467682, 758.21252885]
  obj_bb: [318, 119, 125, 163]
  obj_id: 14
155:
- cam_R_m2c: [0.54310399, 0.83940297, -0.02096500, 0.71424001, -0.47496101, -0.51407498, -0.44147399, 0.26422301, -0.85748899]
  cam_t_m2c: [157.56140604, -64.08117328, 979.31057679]
  obj_bb: [363, 138, 121, 116]
  obj_id: 14
156:
- cam_R_m2c: [0.68016601, 0.73299801, -0.00935007, 0.62163103, -0.58349299, -0.52260000, -0.38852000, 0.34964299, -0.85252702]
  cam_t_m2c: [69.34239361, -52.98425307, 941.91736148]
  obj_bb: [311, 142, 125, 121]
  obj_id: 14
157:
- cam_R_m2c: [0.66364902, 0.74751699, 0.02808890, 0.67434400, -0.58158898, -0.45498699, -0.32377401, 0.32089400, -0.89005500]
  cam_t_m2c: [-1.57056296, -95.50371079, 835.02184674]
  obj_bb: [265, 98, 135, 136]
  obj_id: 14
158:
- cam_R_m2c: [0.43597499, 0.87703902, 0.20181100, 0.86801499, -0.35057601, -0.35163400, -0.23764600, 0.32847801, -0.91412598]
  cam_t_m2c: [-0.34553913, -112.39005962, 720.27047762]
  obj_bb: [257, 58, 153, 159]
  obj_id: 14
159:
- cam_R_m2c: [0.23238800, 0.93391699, 0.27165100, 0.93173599, -0.13363101, -0.33765599, -0.27904099, 0.33157399, -0.90121800]
  cam_t_m2c: [14.27092646, -70.70433625, 634.36137027]
  obj_bb: [269, 74, 157, 175]
  obj_id: 14
160:
- cam_R_m2c: [0.16328400, 0.94018602, 0.29897800, 0.95624697, -0.07625620, -0.28244701, -0.24275400, 0.33201599, -0.91150200]
  cam_t_m2c: [16.50521481, -79.10208783, 636.43624292]
  obj_bb: [273, 69, 150, 171]
  obj_id: 14
161:
- cam_R_m2c: [0.54205000, 0.84021598, 0.01476630, 0.74661499, -0.47345200, -0.46734199, -0.38567701, 0.26434800, -0.88395298]
  cam_t_m2c: [205.89652456, -41.72357681, 916.96001717]
  obj_bb: [391, 146, 139, 120]
  obj_id: 14
162:
- cam_R_m2c: [0.70344001, 0.71011502, 0.03014080, 0.61632597, -0.58831298, -0.52347898, -0.35399801, 0.38681200, -0.85150599]
  cam_t_m2c: [64.95618594, -54.94643401, 970.49074367]
  obj_bb: [306, 144, 126, 117]
  obj_id: 14
163:
- cam_R_m2c: [0.74143702, 0.66955900, 0.04430490, 0.57209498, -0.59624201, -0.56320798, -0.35068399, 0.44293001, -0.82512701]
  cam_t_m2c: [26.51318006, -12.94705928, 957.74680173]
  obj_bb: [283, 169, 127, 118]
  obj_id: 14
164:
- cam_R_m2c: [0.64852202, 0.76090002, -0.02120810, 0.68338799, -0.59427702, -0.42404699, -0.33526099, 0.26051000, -0.90539199]
  cam_t_m2c: [105.76031842, -13.26173946, 992.09091346]
  obj_bb: [332, 174, 120, 109]
  obj_id: 14
165:
- cam_R_m2c: [0.61126101, 0.79108500, 0.02335350, 0.73954099, -0.56042701, -0.37282699, -0.28185001, 0.24516501, -0.92760700]
  cam_t_m2c: [65.62218255, -63.21097419, 946.66777002]
  obj_bb: [310, 139, 122, 116]
  obj_id: 14
166:
- cam_R_m2c: [0.32070601, 0.92384702, 0.20893499, 0.90719301, -0.23618500, -0.34816301, -0.27230200, 0.30120301, -0.91385400]
  cam_t_m2c: [-46.27290881, -95.16735244, 847.73370177]
  obj_bb: [244, 101, 113, 130]
  obj_id: 14
167:
- cam_R_m2c: [0.60133803, 0.79248101, 0.10181800, 0.76365203, -0.53257102, -0.36497101, -0.23500800, 0.29722399, -0.92543501]
  cam_t_m2c: [-44.35473328, -47.28108657, 744.93765327]
  obj_bb: [227, 122, 147, 151]
  obj_id: 14
168:
- cam_R_m2c: [0.65389699, 0.75303203, 0.07322230, 0.64029700, -0.49924001, -0.58376199, -0.40303600, 0.42860401, -0.80861598]
  cam_t_m2c: [192.79811715, -69.89293528, 910.00669529]
  obj_bb: [377, 124, 150, 132]
  obj_id: 14
169:
- cam_R_m2c: [0.77913201, 0.62287402, 0.07057490, 0.54063702, -0.61071002, -0.57857102, -0.31727600, 0.48893899, -0.81257302]
  cam_t_m2c: [4.02207414, -99.73742586, 858.92157652]
  obj_bb: [262, 98, 143, 141]
  obj_id: 14
170:
- cam_R_m2c: [0.66960198, 0.70298398, 0.23968101, 0.69547200, -0.48019800, -0.53453600, -0.26067600, 0.52461803, -0.81044698]
  cam_t_m2c: [-9.83762064, -64.33558792, 739.52886722]
  obj_bb: [237, 100, 174, 159]
  obj_id: 14
171:
- cam_R_m2c: [0.56214398, 0.78952700, 0.24625400, 0.78857100, -0.42193300, -0.44735700, -0.24929801, 0.44566801, -0.85978502]
  cam_t_m2c: [27.84772389, -89.92209724, 638.29279192]
  obj_bb: [260, 51, 199, 184]
  obj_id: 14
172:
- cam_R_m2c: [0.67801702, 0.72844601, -0.09828190, 0.52444798, -0.57309997, -0.62969100, -0.51502103, 0.37539801, -0.77060300]
  cam_t_m2c: [200.82133765, -149.48343094, 967.29023760]
  obj_bb: [386, 84, 129, 130]
  obj_id: 14
173:
