0:
- cam_R_m2c: [-0.15476599, 0.98667699, 0.05015370, 0.95558298, 0.16239101, -0.24594700, -0.25081500, 0.00986167, -0.96798497]
  cam_t_m2c: [-35.34754030, -87.12503172, 958.33263178]
  obj_bb: [268, 146, 72, 89]
  obj_id: 10
1:
- cam_R_m2c: [-0.14647301, 0.98921102, 0.00287398, 0.90154099, 0.13468599, -0.41119900, -0.40714899, -0.05763840, -0.91154099]
  cam_t_m2c: [105.21429218, -56.10151273, 1052.18425564]
  obj_bb: [351, 173, 63, 78]
  obj_id: 10
2:
- cam_R_m2c: [-0.17548300, 0.98447901, 0.00246469, 0.89255601, 0.16015300, -0.42153901, -0.41539100, -0.07177310, -0.90680701]
  cam_t_m2c: [107.21688293, -45.40241317, 1014.50072417]
  obj_bb: [352, 176, 67, 82]
  obj_id: 10
3:
- cam_R_m2c: [-0.21544100, 0.97651500, -0.00200149, 0.87540400, 0.19222400, -0.44352901, -0.43272799, -0.09730650, -0.89625800]
  cam_t_m2c: [133.44981546, -22.57550056, 936.64334584]
  obj_bb: [370, 185, 74, 89]
  obj_id: 10
4:
- cam_R_m2c: [-0.22464301, 0.97437799, -0.01112340, 0.87440598, 0.19653000, -0.44361100, -0.43005899, -0.10938000, -0.89614999]
  cam_t_m2c: [139.32839213, -24.48077614, 922.07830231]
  obj_bb: [374, 183, 76, 90]
  obj_id: 10
5:
- cam_R_m2c: [-0.22841100, 0.97345698, -0.01451400, 0.87756801, 0.19941001, -0.43601599, -0.42154801, -0.11232800, -0.89982200]
  cam_t_m2c: [139.81049380, -43.88751968, 903.12178385]
  obj_bb: [375, 169, 78, 92]
  obj_id: 10
6:
- cam_R_m2c: [-0.25878999, 0.96302497, 0.07490230, 0.90191299, 0.26867101, -0.33818501, -0.34580499, -0.01996370, -0.93809402]
  cam_t_m2c: [52.62955398, -118.62976251, 807.98200884]
  obj_bb: [317, 106, 91, 105]
  obj_id: 10
7:
- cam_R_m2c: [-0.35395801, 0.91165298, 0.20881300, 0.84977502, 0.40674001, -0.33532801, -0.39063501, 0.05875200, -0.91866899]
  cam_t_m2c: [-35.54882768, -118.16407141, 711.30248046]
  obj_bb: [241, 88, 110, 120]
  obj_id: 10
8:
- cam_R_m2c: [-0.54214901, 0.83158499, -0.12058700, 0.65616000, 0.32932600, -0.67896903, -0.52490699, -0.44722700, -0.72419697]
  cam_t_m2c: [105.08111879, 3.82077850, 1071.29220297]
  obj_bb: [343, 209, 78, 75]
  obj_id: 10
9:
- cam_R_m2c: [-0.55471802, 0.82304400, -0.12201300, 0.66024500, 0.34618700, -0.66650701, -0.50632501, -0.45028099, -0.73544699]
  cam_t_m2c: [116.08542188, -1.01951702, 1020.81080032]
  obj_bb: [349, 204, 83, 79]
  obj_id: 10
10:
- cam_R_m2c: [-0.65111798, 0.75870299, -0.02036000, 0.58182198, 0.48173401, -0.65529799, -0.48736900, -0.43852201, -0.75509602]
  cam_t_m2c: [107.14074177, -5.83782815, 922.65799064]
  obj_bb: [344, 198, 96, 86]
  obj_id: 10
11:
- cam_R_m2c: [-0.75111902, 0.65650803, 0.06941420, 0.52109998, 0.65416002, -0.54820597, -0.40530899, -0.37559599, -0.83345801]
  cam_t_m2c: [94.06939996, -105.23738620, 816.43256055]
  obj_bb: [335, 122, 112, 95]
  obj_id: 10
12:
- cam_R_m2c: [-0.74826097, 0.64330602, 0.16205899, 0.49667200, 0.70517498, -0.50600898, -0.43979901, -0.29813701, -0.84716702]
  cam_t_m2c: [19.11267237, -130.46227745, 715.93674371]
  obj_bb: [276, 85, 128, 108]
  obj_id: 10
13:
- cam_R_m2c: [0.15769701, 0.98042297, -0.11791200, 0.83051503, -0.19627599, -0.52126902, -0.53420699, -0.01572540, -0.84520698]
  cam_t_m2c: [84.73036401, -16.66941679, 1067.45472105]
  obj_bb: [340, 195, 65, 78]
  obj_id: 10
14:
- cam_R_m2c: [0.13822600, 0.98021603, -0.14166901, 0.82542598, -0.19306600, -0.53046900, -0.54732502, -0.04361250, -0.83578300]
  cam_t_m2c: [102.28856563, -3.11001141, 1038.66912198]
  obj_bb: [351, 202, 66, 79]
  obj_id: 10
15:
- cam_R_m2c: [-0.10695700, 0.98920399, -0.10017600, 0.80390698, 0.02675230, -0.59415400, -0.58505899, -0.14408100, -0.79808903]
  cam_t_m2c: [191.32412164, 38.77160306, 886.78095730]
  obj_bb: [413, 224, 72, 90]
  obj_id: 10
16:
- cam_R_m2c: [-0.17142700, 0.98288500, -0.06745640, 0.81316602, 0.10250500, -0.57293397, -0.55621302, -0.15307000, -0.81682098]
  cam_t_m2c: [191.40235344, 13.29170766, 864.76332788]
  obj_bb: [414, 206, 75, 93]
  obj_id: 10
17:
- cam_R_m2c: [-0.18138900, 0.97030699, -0.16000900, 0.68820101, 0.00901909, -0.72546399, -0.70247900, -0.24171001, -0.66940200]
  cam_t_m2c: [55.05856506, 28.58462331, 1064.24955259]
  obj_bb: [323, 224, 63, 71]
  obj_id: 10
18:
- cam_R_m2c: [-0.23158300, 0.96191603, -0.14521299, 0.69203401, 0.05798670, -0.71953201, -0.68370903, -0.26712400, -0.67910701]
  cam_t_m2c: [71.78958017, 20.21491831, 996.76742870]
  obj_bb: [331, 218, 70, 76]
  obj_id: 10
19:
- cam_R_m2c: [-0.31790000, 0.94010299, -0.12307000, 0.68721998, 0.13904500, -0.71301901, -0.65319800, -0.31124499, -0.69025999]
  cam_t_m2c: [79.05382628, 8.38455197, 923.12415307]
  obj_bb: [334, 208, 80, 84]
  obj_id: 10
20:
- cam_R_m2c: [-0.44927499, 0.89339298, 0.00062115, 0.67920703, 0.34201601, -0.64938599, -0.58037001, -0.29133099, -0.76045799]
  cam_t_m2c: [66.08636854, -72.11915361, 822.85977596]
  obj_bb: [322, 147, 98, 96]
  obj_id: 10
21:
- cam_R_m2c: [-0.10620300, 0.93499798, -0.33837700, 0.86065799, -0.08399090, -0.50220799, -0.49798501, -0.34456301, -0.79579401]
  cam_t_m2c: [38.53676121, -109.93028202, 737.90229845]
  obj_bb: [311, 103, 86, 109]
  obj_id: 10
22:
- cam_R_m2c: [-0.08898580, 0.94694102, -0.30884200, 0.83193398, -0.09983880, -0.54581797, -0.54769301, -0.30550700, -0.77890903]
  cam_t_m2c: [-1.48776907, -82.69152414, 717.26702227]
  obj_bb: [278, 122, 89, 111]
  obj_id: 10
23:
- cam_R_m2c: [-0.61564797, 0.78609002, -0.05513670, 0.69675303, 0.51032501, -0.50408602, -0.36811900, -0.34875599, -0.86189198]
  cam_t_m2c: [103.90360134, -45.25605627, 1067.03646540]
  obj_bb: [340, 180, 83, 78]
  obj_id: 10
24:
- cam_R_m2c: [-0.60630798, 0.79281700, -0.06191020, 0.69546002, 0.49087599, -0.52476400, -0.38565099, -0.36122400, -0.84899402]
  cam_t_m2c: [111.82278964, -20.47499445, 1016.93988078]
  obj_bb: [346, 191, 86, 82]
  obj_id: 10
25:
- cam_R_m2c: [-0.63328803, 0.77144200, -0.06183810, 0.67399502, 0.51048899, -0.53397697, -0.38036501, -0.37983999, -0.84323400]
  cam_t_m2c: [115.04311844, -22.53328952, 919.19019392]
  obj_bb: [349, 185, 96, 90]
  obj_id: 10
26:
- cam_R_m2c: [-0.50598502, 0.84913701, -0.15147600, 0.78053302, 0.37602201, -0.49937600, -0.36708000, -0.37090799, -0.85304099]
  cam_t_m2c: [84.40869910, -70.33800546, 815.42989254]
  obj_bb: [334, 144, 102, 102]
  obj_id: 10
27:
- cam_R_m2c: [0.19864400, 0.95139498, -0.23534800, 0.77899998, -0.29898801, -0.55114901, -0.59472698, -0.07385340, -0.80052799]
  cam_t_m2c: [93.56230473, -44.90913462, 1067.77912736]
  obj_bb: [345, 180, 66, 78]
  obj_id: 10
28:
- cam_R_m2c: [0.29166800, 0.93011898, -0.22317600, 0.77332801, -0.36661401, -0.51726002, -0.56293303, -0.02172060, -0.82621700]
  cam_t_m2c: [39.53736817, -69.43812538, 1011.84712019]
  obj_bb: [314, 163, 72, 82]
  obj_id: 10
29:
- cam_R_m2c: [-0.39930299, 0.91305202, -0.08302490, 0.78321302, 0.29263699, -0.54858100, -0.47658700, -0.28407601, -0.83196503]
  cam_t_m2c: [100.82199650, -63.73446988, 1069.70160733]
  obj_bb: [343, 171, 73, 77]
  obj_id: 10
30:
- cam_R_m2c: [-0.40534499, 0.90995198, -0.08765150, 0.76775098, 0.28680900, -0.57297403, -0.49623999, -0.29954699, -0.81487298]
  cam_t_m2c: [86.71864440, -48.74332961, 1019.35730659]
  obj_bb: [336, 176, 77, 81]
  obj_id: 10
31:
- cam_R_m2c: [-0.32465300, 0.94403100, -0.05835570, 0.73894399, 0.21464400, -0.63866198, -0.59039098, -0.25046501, -0.76727098]
  cam_t_m2c: [8.61613455, 23.43469038, 927.17173038]
  obj_bb: [289, 215, 83, 88]
  obj_id: 10
32:
- cam_R_m2c: [-0.09737130, 0.94472897, -0.31305799, 0.84092999, -0.09014210, -0.53358299, -0.53231102, -0.31521600, -0.78567398]
  cam_t_m2c: [-6.04114257, -47.91815320, 728.78863275]
  obj_bb: [275, 151, 88, 109]
  obj_id: 10
33:
- cam_R_m2c: [0.03388030, 0.95944899, -0.27983800, 0.88251197, -0.16013400, -0.44218799, -0.46906799, -0.23197900, -0.85215098]
  cam_t_m2c: [-58.62950761, -36.53770739, 682.28068989]
  obj_bb: [230, 152, 88, 121]
  obj_id: 10
34:
- cam_R_m2c: [-0.08750670, 0.96871001, -0.23225699, 0.89687598, -0.02485610, -0.44158301, -0.43353900, -0.24694800, -0.86663800]
  cam_t_m2c: [14.97809353, -67.18301195, 790.35428741]
  obj_bb: [296, 143, 80, 101]
  obj_id: 10
35:
- cam_R_m2c: [-0.35046601, 0.93614799, -0.02829870, 0.83619201, 0.29915100, -0.45966500, -0.42184901, -0.18476000, -0.88764101]
  cam_t_m2c: [-83.99296005, 12.68182109, 973.38149884]
  obj_bb: [235, 207, 82, 87]
  obj_id: 10
36:
- cam_R_m2c: [-0.30140799, 0.95120901, 0.06598940, 0.87414402, 0.30330300, -0.37931401, -0.38082200, -0.05664400, -0.92291200]
  cam_t_m2c: [-213.50516427, -15.79953499, 1031.82596810]
  obj_bb: [168, 193, 77, 83]
  obj_id: 10
37:
- cam_R_m2c: [-0.51394802, 0.85314000, 0.08949160, 0.78548300, 0.50997102, -0.35063601, -0.34478000, -0.10991500, -0.93222600]
  cam_t_m2c: [-125.05190127, -43.02097669, 913.07512468]
  obj_bb: [199, 169, 96, 94]
  obj_id: 10
38:
- cam_R_m2c: [-0.39427999, 0.91877198, -0.02001460, 0.85786498, 0.36015800, -0.36654299, -0.32956100, -0.16169000, -0.93018597]
  cam_t_m2c: [-84.93728574, -34.58200038, 815.08308928]
  obj_bb: [216, 166, 99, 106]
  obj_id: 10
39:
- cam_R_m2c: [-0.13794599, 0.97217000, -0.18935899, 0.95198601, 0.07738830, -0.29619899, -0.27330199, -0.22112700, -0.93616700]
  cam_t_m2c: [-78.64124603, -51.18771375, 718.40453689]
  obj_bb: [214, 145, 95, 115]
  obj_id: 10
40:
- cam_R_m2c: [0.01179880, 0.99898499, -0.04346460, 0.78719902, -0.03608330, -0.61564302, -0.61658698, -0.02695140, -0.78682601]
  cam_t_m2c: [-62.57188701, 103.50134634, 1046.12724462]
  obj_bb: [261, 262, 59, 76]
  obj_id: 10
41:
- cam_R_m2c: [-0.02704330, 0.99740100, -0.06678560, 0.79459298, -0.01908950, -0.60684198, -0.60654002, -0.06947840, -0.79201198]
  cam_t_m2c: [-36.39058194, 81.46946878, 1016.09872740]
  obj_bb: [273, 251, 62, 77]
  obj_id: 10
42:
- cam_R_m2c: [-0.34475899, 0.93856299, -0.01550020, 0.78581899, 0.27954200, -0.55167502, -0.51344901, -0.20237499, -0.83391500]
  cam_t_m2c: [42.90489239, -7.37698850, 921.67550069]
  obj_bb: [310, 194, 84, 90]
  obj_id: 10
43:
- cam_R_m2c: [-0.30486199, 0.95149499, -0.04142250, 0.88913602, 0.26875600, -0.37041399, -0.34131500, -0.14975500, -0.92794299]
  cam_t_m2c: [-97.30267744, 102.09578269, 1058.84403185]
  obj_bb: [237, 257, 72, 83]
  obj_id: 10
44:
- cam_R_m2c: [-0.21854199, 0.97231299, -0.08274560, 0.92953098, 0.18161599, -0.32091799, -0.29700500, -0.14704899, -0.94348502]
  cam_t_m2c: [-85.32491720, 63.10039301, 1014.63621159]
  obj_bb: [242, 236, 71, 86]
  obj_id: 10
45:
- cam_R_m2c: [-0.15867300, 0.98194700, -0.10296600, 0.94444799, 0.12055300, -0.30575201, -0.28782001, -0.14576100, -0.94652700]
  cam_t_m2c: [-88.49812198, 65.47579168, 991.47372405]
  obj_bb: [240, 237, 69, 87]
  obj_id: 10
46:
- cam_R_m2c: [-0.27299500, 0.94621301, -0.17364900, 0.93609798, 0.21966100, -0.27471799, -0.22179800, -0.23754901, -0.94571501]
  cam_t_m2c: [-38.19835202, -6.53315849, 691.00444223]
  obj_bb: [241, 176, 106, 126]
  obj_id: 10
47:
- cam_R_m2c: [-0.09485370, 0.99541199, -0.01253210, 0.89139801, 0.07932410, -0.44622600, -0.44318500, -0.05349730, -0.89483202]
  cam_t_m2c: [-41.36389628, 30.31034150, 1064.70604284]
  obj_bb: [272, 221, 62, 77]
  obj_id: 10
48:
- cam_R_m2c: [-0.26045400, 0.96544200, -0.00922638, 0.83954400, 0.22175001, -0.49597600, -0.47679001, -0.13692500, -0.86828703]
  cam_t_m2c: [27.46897839, 77.35407669, 1020.56718466]
  obj_bb: [305, 245, 72, 83]
  obj_id: 10
49:
- cam_R_m2c: [-0.34770599, 0.93726099, 0.02533370, 0.83445799, 0.32166201, -0.44745299, -0.42752901, -0.13444200, -0.89394897]
  cam_t_m2c: [25.86471692, 34.48170495, 916.10406574]
  obj_bb: [299, 218, 85, 94]
  obj_id: 10
50:
- cam_R_m2c: [0.09223420, 0.95886600, -0.26845601, 0.91701603, -0.18686201, -0.35236999, -0.38803899, -0.21367700, -0.89653099]
  cam_t_m2c: [32.45897374, 6.50554882, 816.86827789]
  obj_bb: [310, 195, 78, 105]
  obj_id: 10
51:
- cam_R_m2c: [0.15883300, 0.93327600, -0.32213199, 0.92597598, -0.25401601, -0.27936301, -0.34254900, -0.25391400, -0.90453702]
  cam_t_m2c: [5.92143678, -29.97752527, 723.51552381]
  obj_bb: [285, 157, 92, 123]
  obj_id: 10
52:
- cam_R_m2c: [0.24858600, 0.94827598, -0.19742601, 0.59777099, -0.31057200, -0.73906302, -0.76215100, 0.06570550, -0.64405602]
  cam_t_m2c: [39.23939712, 46.47473421, 1074.06279722]
  obj_bb: [315, 232, 67, 73]
  obj_id: 10
53:
- cam_R_m2c: [0.23686101, 0.94899398, -0.20810500, 0.63246000, -0.31321201, -0.70844400, -0.73749000, 0.03618460, -0.67438799]
  cam_t_m2c: [52.29794873, 19.86558642, 1025.56297589]
  obj_bb: [322, 216, 70, 78]
  obj_id: 10
54:
- cam_R_m2c: [0.20093200, 0.96914101, -0.14280400, 0.72983998, -0.24533901, -0.63807702, -0.65342200, 0.02398620, -0.75661403]
  cam_t_m2c: [42.90073742, 16.85719257, 807.08524299]
  obj_bb: [315, 206, 88, 101]
  obj_id: 10
55:
- cam_R_m2c: [0.40473399, 0.86473501, -0.29736200, 0.72396898, -0.50167203, -0.47349200, -0.55862302, -0.02364310, -0.82908398]
  cam_t_m2c: [-36.10769554, -33.24667943, 688.92369708]
  obj_bb: [242, 155, 111, 122]
  obj_id: 10
56:
- cam_R_m2c: [0.07045070, 0.99729300, -0.02106620, 0.85948098, -0.07140710, -0.50615603, -0.50629002, 0.01755300, -0.86218500]
  cam_t_m2c: [-2.00657923, -81.80851936, 695.72409022]
  obj_bb: [280, 120, 91, 113]
  obj_id: 10
57:
- cam_R_m2c: [-0.17352900, 0.94615698, -0.27326801, 0.57699901, -0.12718900, -0.80678099, -0.79809803, -0.29767501, -0.52386099]
  cam_t_m2c: [174.37519109, 60.04153602, 1064.04079117]
  obj_bb: [389, 242, 59, 69]
  obj_id: 10
58:
- cam_R_m2c: [-0.24336700, 0.93405300, -0.26137501, 0.57428700, -0.07839990, -0.81489199, -0.78164399, -0.34842199, -0.51733398]
  cam_t_m2c: [187.12962418, 48.61657359, 1016.53414111]
  obj_bb: [398, 236, 65, 71]
  obj_id: 10
59:
- cam_R_m2c: [-0.37693301, 0.92074299, -0.10076300, 0.59223598, 0.15593600, -0.79053199, -0.71216398, -0.35765299, -0.60407501]
  cam_t_m2c: [150.88329095, 3.86518382, 915.21301322]
  obj_bb: [379, 207, 81, 81]
  obj_id: 10
60:
- cam_R_m2c: [-0.29923499, 0.93383098, -0.19600600, 0.63730502, 0.04271860, -0.76942700, -0.71014100, -0.35515499, -0.60791802]
  cam_t_m2c: [112.51189414, -2.54561173, 823.63362986]
  obj_bb: [360, 200, 86, 88]
  obj_id: 10
61:
- cam_R_m2c: [-0.13514200, 0.95155197, -0.27619800, 0.73006397, -0.09283320, -0.67704397, -0.66988301, -0.29313901, -0.68214798]
  cam_t_m2c: [22.54935810, -42.60179280, 746.73658378]
  obj_bb: [298, 161, 87, 102]
  obj_id: 10
62:
- cam_R_m2c: [0.03988400, 0.99204701, -0.11938100, 0.79158002, -0.10428000, -0.60210198, -0.60976303, -0.07048570, -0.78944403]
  cam_t_m2c: [6.60004459, 31.26916004, 1059.52899115]
  obj_bb: [300, 223, 59, 75]
  obj_id: 10
63:
- cam_R_m2c: [0.00990735, 0.98635602, -0.16433001, 0.80209798, -0.10597200, -0.58771503, -0.59710997, -0.12598599, -0.79220402]
  cam_t_m2c: [39.71955790, 0.40060610, 1024.74965570]
  obj_bb: [317, 205, 61, 77]
  obj_id: 10
64:
- cam_R_m2c: [-0.14952600, 0.98700202, -0.05889290, 0.69597501, 0.06275450, -0.71531898, -0.70232600, -0.14794600, -0.69631201]
  cam_t_m2c: [37.82411619, 83.46539356, 919.77761886]
  obj_bb: [312, 254, 73, 85]
  obj_id: 10
65:
- cam_R_m2c: [0.17316800, 0.92501700, -0.33816701, 0.73179001, -0.35064200, -0.58440900, -0.65916401, -0.14626600, -0.73763800]
  cam_t_m2c: [-1.22691030, 22.05047884, 828.15379292]
  obj_bb: [285, 209, 81, 100]
  obj_id: 10
66:
- cam_R_m2c: [0.60936201, 0.78435898, -0.11601000, 0.48001000, -0.48138601, -0.73338801, -0.63108498, 0.39121300, -0.66983902]
  cam_t_m2c: [-143.60285534, 119.52065727, 1048.82369427]
  obj_bb: [210, 271, 78, 76]
  obj_id: 10
67:
- cam_R_m2c: [0.31748399, 0.94692898, -0.05028500, 0.65868998, -0.25837001, -0.70666301, -0.68215197, 0.19123200, -0.70576102]
  cam_t_m2c: [58.18149912, 15.40803499, 1019.37082301]
  obj_bb: [323, 214, 75, 77]
  obj_id: 10
68:
- cam_R_m2c: [0.16917799, 0.97996402, 0.10511400, 0.77002603, -0.06485420, -0.63470697, -0.61517298, 0.18831900, -0.76556998]
  cam_t_m2c: [46.92682612, -36.17001059, 965.28004114]
  obj_bb: [319, 183, 72, 79]
  obj_id: 10
69:
- cam_R_m2c: [0.10951700, 0.98062301, 0.16243300, 0.76685399, 0.02061460, -0.64148998, -0.63240802, 0.19481599, -0.74973702]
  cam_t_m2c: [31.30219276, 12.22532711, 920.06443414]
  obj_bb: [311, 210, 71, 83]
  obj_id: 10
70:
- cam_R_m2c: [0.28771999, 0.94704598, -0.14255200, 0.73139602, -0.31337401, -0.60568702, -0.61828500, 0.07000690, -0.78283000]
  cam_t_m2c: [57.18138115, -42.04136929, 798.89450750]
  obj_bb: [322, 163, 95, 102]
  obj_id: 10
71:
- cam_R_m2c: [0.00106323, 0.99224699, 0.12427900, 0.85742003, 0.06305150, -0.51073998, -0.51461601, 0.10710200, -0.85070503]
  cam_t_m2c: [21.90556001, -69.42401811, 673.34129988]
  obj_bb: [297, 126, 94, 118]
  obj_id: 10
72:
- cam_R_m2c: [0.12235600, 0.97455198, 0.18782100, 0.94531500, -0.05678580, -0.32117900, -0.30234000, 0.21684800, -0.92820698]
  cam_t_m2c: [-33.75979515, -34.38333818, 1055.74555738]
  obj_bb: [278, 184, 61, 79]
  obj_id: 10
73:
- cam_R_m2c: [0.16768600, 0.97610003, 0.13823999, 0.95432001, -0.12554599, -0.27113000, -0.24729399, 0.17738999, -0.95256400]
  cam_t_m2c: [-14.85799818, -81.52168829, 1010.65473648]
  obj_bb: [285, 154, 66, 84]
  obj_id: 10
74:
- cam_R_m2c: [-0.42042601, 0.88511002, 0.19955800, 0.84589201, 0.46191600, -0.26664501, -0.32818899, 0.05669990, -0.94290900]
  cam_t_m2c: [70.47407964, -41.54960284, 904.69201880]
  obj_bb: [327, 168, 86, 97]
  obj_id: 10
75:
- cam_R_m2c: [-0.00071613, 0.99977601, -0.02113490, 0.91127402, -0.00805089, -0.41172099, -0.41179901, -0.01955450, -0.91106498]
  cam_t_m2c: [69.23952490, 1.16765005, 760.35855636]
  obj_bb: [337, 191, 83, 106]
  obj_id: 10
76:
- cam_R_m2c: [0.03389350, 0.99915099, -0.02341430, 0.92252100, -0.04028900, -0.38383901, -0.38445601, -0.00859056, -0.92310297]
  cam_t_m2c: [27.16468281, -41.41422119, 673.27828578]
  obj_bb: [303, 148, 93, 120]
  obj_id: 10
77:
- cam_R_m2c: [0.69649303, 0.71672499, -0.03466600, 0.61821997, -0.62389201, -0.47808301, -0.36428201, 0.31154999, -0.87763000]
  cam_t_m2c: [189.89932638, 14.16398291, 1047.73555520]
  obj_bb: [386, 211, 88, 79]
  obj_id: 10
78:
- cam_R_m2c: [0.62180102, 0.77495199, -0.11319400, 0.65751898, -0.59507602, -0.46211800, -0.42547801, 0.21291800, -0.87956500]
  cam_t_m2c: [187.33145858, 29.41232289, 993.32934057]
  obj_bb: [389, 217, 92, 86]
  obj_id: 10
79:
- cam_R_m2c: [0.59421599, 0.79912603, -0.09112750, 0.68233800, -0.56084502, -0.46890000, -0.42581800, 0.21644799, -0.87853801]
  cam_t_m2c: [159.39139734, 31.40950404, 987.27109449]
  obj_bb: [374, 218, 91, 86]
  obj_id: 10
80:
- cam_R_m2c: [0.35798901, 0.92449802, 0.13094901, 0.86672503, -0.27684999, -0.41490099, -0.34732199, 0.26202700, -0.90039402]
  cam_t_m2c: [59.33400429, 5.90724025, 911.18716841]
  obj_bb: [322, 200, 85, 94]
  obj_id: 10
81:
- cam_R_m2c: [0.26256999, 0.95344102, 0.14834900, 0.90908998, -0.19290300, -0.36924800, -0.32343900, 0.23181599, -0.91741401]
  cam_t_m2c: [55.55599858, -7.97991717, 808.47694395]
  obj_bb: [322, 185, 90, 105]
  obj_id: 10
82:
- cam_R_m2c: [0.09005570, 0.98593402, 0.14080100, 0.97243297, -0.05651480, -0.22623000, -0.21509001, 0.15729301, -0.96384400]
  cam_t_m2c: [69.36391419, -78.75864197, 690.43117311]
  obj_bb: [338, 117, 93, 120]
  obj_id: 10
83:
- cam_R_m2c: [0.54131103, 0.83996898, -0.03787780, 0.78789699, -0.52245301, -0.32597601, -0.29359901, 0.14661001, -0.94461900]
  cam_t_m2c: [128.48633484, 46.78732319, 1047.69761095]
  obj_bb: [356, 224, 82, 88]
  obj_id: 10
84:
- cam_R_m2c: [0.59100401, 0.80566001, -0.04032700, 0.76314002, -0.57461500, -0.29569399, -0.26140100, 0.14398099, -0.95443100]
  cam_t_m2c: [79.46501126, -13.47615952, 1001.78103055]
  obj_bb: [329, 190, 87, 90]
  obj_id: 10
85:
- cam_R_m2c: [0.67433101, 0.73232102, -0.09478390, 0.67785102, -0.66480601, -0.31392801, -0.29290900, 0.14744200, -0.94470400]
  cam_t_m2c: [86.39820331, 24.58570883, 952.66923127]
  obj_bb: [332, 210, 94, 94]
  obj_id: 10
86:
- cam_R_m2c: [0.71773398, 0.68560600, -0.12166100, 0.63066602, -0.71412599, -0.30378199, -0.29515600, 0.14130799, -0.94494200]
  cam_t_m2c: [75.26494221, 15.04493935, 913.96869728]
  obj_bb: [324, 204, 99, 96]
  obj_id: 10
87:
- cam_R_m2c: [0.63147599, 0.77093297, -0.08306390, 0.74037600, -0.63131702, -0.23083100, -0.23039500, 0.08426570, -0.96944201]
  cam_t_m2c: [26.80155942, -20.34480332, 805.77262655]
  obj_bb: [292, 171, 109, 113]
  obj_id: 10
88:
- cam_R_m2c: [0.48415500, 0.87492698, 0.00980917, 0.85263598, -0.46924299, -0.22983100, -0.19648300, 0.11963800, -0.97318101]
  cam_t_m2c: [-5.51613917, 21.63353508, 710.99739152]
  obj_bb: [266, 195, 115, 131]
  obj_id: 10
89:
- cam_R_m2c: [0.63629103, 0.76826900, -0.06996970, 0.76100600, -0.63996398, -0.10637900, -0.12650600, 0.01444060, -0.99186099]
  cam_t_m2c: [30.70469353, -47.27128402, 696.81819986]
  obj_bb: [290, 136, 126, 133]
  obj_id: 10
90:
- cam_R_m2c: [0.46071199, 0.88554603, 0.05960570, 0.73143202, -0.34077600, -0.59065998, -0.50274497, 0.31572199, -0.80471599]
  cam_t_m2c: [6.91262668, 180.29283566, 1042.94154142]
  obj_bb: [292, 300, 78, 84]
  obj_id: 10
91:
- cam_R_m2c: [0.48723099, 0.87176001, 0.05139190, 0.72637200, -0.37189901, -0.57799202, -0.48475701, 0.31894499, -0.81442302]
  cam_t_m2c: [27.44396708, 98.88078599, 1059.21851813]
  obj_bb: [303, 257, 78, 80]
  obj_id: 10
92:
- cam_R_m2c: [0.45752400, 0.88847297, 0.03587590, 0.76070899, -0.37020200, -0.53317201, -0.46042800, 0.27123001, -0.84524602]
  cam_t_m2c: [72.46435301, 47.77324857, 1062.73041978]
  obj_bb: [328, 229, 77, 79]
  obj_id: 10
93:
- cam_R_m2c: [0.47921199, 0.87719601, -0.02971470, 0.76552802, -0.43428901, -0.47472101, -0.42932799, 0.20474499, -0.87963402]
  cam_t_m2c: [63.08337932, -17.27276788, 1010.13889878]
  obj_bb: [322, 191, 82, 84]
  obj_id: 10
94:
- cam_R_m2c: [0.72655499, 0.60055900, -0.33383700, 0.49045601, -0.79355901, -0.36016199, -0.48121801, 0.09794520, -0.87111199]
  cam_t_m2c: [75.21758516, -75.23107525, 894.37626407]
  obj_bb: [326, 150, 98, 88]
  obj_id: 10
95:
- cam_R_m2c: [0.78409398, 0.44957599, -0.42787600, 0.33642399, -0.88721400, -0.31570399, -0.52155101, 0.10359400, -0.84690797]
  cam_t_m2c: [81.38339775, -36.37182618, 802.34317685]
  obj_bb: [331, 171, 109, 92]
  obj_id: 10
96:
- cam_R_m2c: [0.78138202, 0.49458000, -0.38056901, 0.41671100, -0.86746800, -0.27175400, -0.46453601, 0.05375640, -0.88392103]
  cam_t_m2c: [30.46293988, -61.88600623, 760.25870515]
  obj_bb: [293, 145, 114, 102]
  obj_id: 10
97:
- cam_R_m2c: [0.46990201, 0.88158298, -0.04476790, 0.81628501, -0.45328000, -0.35807201, -0.33596200, 0.13171500, -0.93261999]
  cam_t_m2c: [-32.83775257, -90.55751778, 712.21279604]
  obj_bb: [246, 110, 112, 120]
  obj_id: 10
98:
- cam_R_m2c: [0.53239501, 0.82836300, 0.17427100, 0.73012900, -0.34519801, -0.58970302, -0.42833000, 0.44119599, -0.78859299]
  cam_t_m2c: [-0.34232144, 78.26909256, 989.66202531]
  obj_bb: [285, 246, 84, 85]
  obj_id: 10
99:
- cam_R_m2c: [0.65525901, 0.75530601, 0.01222980, 0.67868102, -0.58152002, -0.44858399, -0.33170599, 0.30223900, -0.89365703]
  cam_t_m2c: [-10.17283797, -63.39823208, 910.77567298]
  obj_bb: [272, 157, 97, 91]
  obj_id: 10
100:
- cam_R_m2c: [0.58220202, 0.81217003, 0.03768070, 0.75679600, -0.52440399, -0.39020500, -0.29715300, 0.25569499, -0.91995698]
  cam_t_m2c: [-51.76895235, -62.57311642, 701.53010225]
  obj_bb: [225, 131, 121, 122]
  obj_id: 10
101:
- cam_R_m2c: [0.29551601, 0.93634200, 0.18956301, 0.85089803, -0.16776600, -0.49782199, -0.43432999, 0.30841300, -0.84630901]
  cam_t_m2c: [60.07383925, -69.30372768, 980.72748325]
  obj_bb: [324, 161, 76, 83]
  obj_id: 10
102:
- cam_R_m2c: [0.20657200, 0.96054602, 0.18622400, 0.86876398, -0.09251260, -0.48650900, -0.45008600, 0.26228401, -0.85359800]
  cam_t_m2c: [70.58248085, -113.73695347, 1022.09405043]
  obj_bb: [332, 141, 69, 77]
  obj_id: 10
103:
- cam_R_m2c: [0.53220302, 0.84565902, -0.04026310, 0.74299800, -0.48933601, -0.45662299, -0.40584901, 0.21310100, -0.88874900]
  cam_t_m2c: [-5.42810631, -174.65525274, 891.50334673]
  obj_bb: [277, 84, 94, 93]
  obj_id: 10
104:
- cam_R_m2c: [0.13657400, 0.96460700, 0.22556800, 0.93809998, -0.05277080, -0.34232101, -0.31830099, 0.25835699, -0.91210502]
  cam_t_m2c: [5.62963887, -203.17393379, 772.42415344]
  obj_bb: [289, 39, 84, 105]
  obj_id: 10
105:
- cam_R_m2c: [0.49063301, 0.85128403, -0.18599600, 0.59496701, -0.48323300, -0.64226198, -0.63662702, 0.20445301, -0.74357599]
  cam_t_m2c: [-11.82618818, -18.84057031, 1071.89824168]
  obj_bb: [284, 196, 75, 74]
  obj_id: 10
106:
- cam_R_m2c: [0.20894501, 0.97715199, -0.03894290, 0.70308298, -0.17778100, -0.68852699, -0.67971802, 0.11648400, -0.72416502]
  cam_t_m2c: [38.89533713, 9.65857384, 919.73951070]
  obj_bb: [313, 208, 78, 85]
  obj_id: 10
107:
- cam_R_m2c: [0.35067800, 0.90051699, -0.25708699, 0.66199797, -0.43254101, -0.61210001, -0.66240698, 0.04445890, -0.74782300]
  cam_t_m2c: [49.66199353, -52.10662067, 804.26585576]
  obj_bb: [316, 157, 96, 100]
  obj_id: 10
108:
- cam_R_m2c: [0.24022400, 0.96869898, -0.06256800, 0.75798500, -0.22745600, -0.61132801, -0.60642397, 0.09943020, -0.78890002]
  cam_t_m2c: [-15.74108778, -82.09573959, 717.68574938]
  obj_bb: [267, 124, 98, 110]
  obj_id: 10
109:
- cam_R_m2c: [-0.45482099, 0.88804197, 0.06722520, 0.53212702, 0.33151099, -0.77906501, -0.71412802, -0.31856301, -0.62332898]
  cam_t_m2c: [61.62346983, -66.80655386, 1076.32417157]
  obj_bb: [320, 175, 75, 68]
  obj_id: 10
110:
- cam_R_m2c: [-0.14950401, 0.92935401, -0.33756301, 0.66610199, -0.15764000, -0.72901201, -0.73072398, -0.33384201, -0.59547698]
  cam_t_m2c: [-1.29086316, -21.23747929, 845.84032940]
  obj_bb: [283, 185, 79, 90]
  obj_id: 10
111:
- cam_R_m2c: [-0.18137500, 0.94220901, -0.28168300, 0.66930699, -0.09158800, -0.73731899, -0.72050798, -0.32226399, -0.61401498]
  cam_t_m2c: [-10.16931788, -33.28487990, 832.65340088]
  obj_bb: [276, 177, 82, 89]
  obj_id: 10
112:
- cam_R_m2c: [-0.35804200, 0.93156803, -0.06313260, 0.61271697, 0.18339700, -0.76872897, -0.70454502, -0.31391999, -0.63645101]
  cam_t_m2c: [-14.89440137, -39.11678367, 725.65399561]
  obj_bb: [259, 165, 108, 101]
  obj_id: 10
113:
- cam_R_m2c: [-0.07566600, 0.98929697, -0.12476700, 0.65797400, -0.04448040, -0.75172597, -0.74923003, -0.13897400, -0.64756602]
  cam_t_m2c: [95.67891907, 44.90175330, 1072.55334676]
  obj_bb: [347, 233, 58, 70]
  obj_id: 10
114:
- cam_R_m2c: [-0.18631500, 0.98249000, -0.00043967, 0.66173398, 0.12515800, -0.73921800, -0.72621900, -0.13801900, -0.67346603]
  cam_t_m2c: [70.75894556, 34.45398108, 1016.72103551]
  obj_bb: [331, 226, 67, 76]
  obj_id: 10
115:
- cam_R_m2c: [-0.26349401, 0.96309698, 0.05490090, 0.67997700, 0.22580101, -0.69760001, -0.68425298, -0.14648201, -0.71438098]
  cam_t_m2c: [55.85076160, -10.34458289, 924.52651174]
  obj_bb: [320, 196, 78, 85]
  obj_id: 10
116:
- cam_R_m2c: [-0.61944199, 0.78111398, -0.07843720, 0.56694299, 0.37599999, -0.73293900, -0.54301602, -0.49848300, -0.67575800]
  cam_t_m2c: [103.25321068, -16.55304279, 1077.55061905]
  obj_bb: [340, 200, 81, 71]
  obj_id: 10
117:
- cam_R_m2c: [-0.65187198, 0.75823402, -0.01203930, 0.54717702, 0.45931101, -0.69973600, -0.52503401, -0.46272600, -0.71429998]
  cam_t_m2c: [63.08861332, -55.79763787, 1027.04451370]
  obj_bb: [317, 176, 87, 74]
  obj_id: 10
118:
- cam_R_m2c: [-0.69244599, 0.71607500, 0.08806210, 0.48698100, 0.55395502, -0.67526603, -0.53232402, -0.42470101, -0.73229802]
  cam_t_m2c: [47.90106192, -35.57384956, 924.84963874]
  obj_bb: [306, 180, 98, 83]
  obj_id: 10
119:
- cam_R_m2c: [-0.07221010, 0.87073201, -0.48642799, 0.86874402, -0.18467399, -0.45954201, -0.48996899, -0.45576501, -0.74310797]
  cam_t_m2c: [-2.77704038, -26.77364943, 715.04249303]
  obj_bb: [276, 163, 89, 116]
  obj_id: 10
120:
- cam_R_m2c: [-0.19079500, 0.97880697, -0.07439610, 0.67660302, 0.07622100, -0.73239201, -0.71120000, -0.19007400, -0.67680597]
  cam_t_m2c: [-63.63291186, 46.90663021, 1034.23111698]
  obj_bb: [255, 233, 69, 74]
  obj_id: 10
121:
- cam_R_m2c: [-0.41203699, 0.90787500, 0.07738950, 0.59100300, 0.33093500, -0.73566097, -0.69349903, -0.25738201, -0.67291403]
  cam_t_m2c: [-29.88562861, 26.63988259, 1029.58120527]
  obj_bb: [269, 221, 79, 76]
  obj_id: 10
122:
- cam_R_m2c: [-0.16285400, 0.98112297, -0.10428700, 0.98437899, 0.15440001, -0.08461340, -0.06691420, -0.11643800, -0.99094099]
  cam_t_m2c: [44.55021028, -82.54378288, 1063.13320858]
  obj_bb: [317, 157, 65, 82]
  obj_id: 10
123:
- cam_R_m2c: [-0.16252699, 0.97939497, -0.11987800, 0.98555499, 0.15527201, -0.06762020, -0.04761320, -0.12913600, -0.99048299]
  cam_t_m2c: [47.78131134, -95.76860561, 1022.27684458]
  obj_bb: [319, 146, 67, 86]
  obj_id: 10
124:
- cam_R_m2c: [-0.18973900, 0.97509998, -0.11480100, 0.98054200, 0.18219200, -0.07309870, -0.05036290, -0.12643699, -0.99069500]
  cam_t_m2c: [40.81761116, -92.02013580, 1016.81132482]
  obj_bb: [314, 147, 69, 87]
  obj_id: 10
125:
- cam_R_m2c: [-0.31131199, 0.94731802, -0.07532250, 0.94801301, 0.30407801, -0.09384990, -0.06600180, -0.10062300, -0.99273300]
  cam_t_m2c: [31.05553744, -76.06483054, 1007.15152411]
  obj_bb: [306, 154, 75, 90]
  obj_id: 10
126:
- cam_R_m2c: [-0.44200599, 0.89595902, -0.04345260, 0.89223599, 0.43414500, -0.12423300, -0.09244270, -0.09368160, -0.99130100]
  cam_t_m2c: [34.56788380, -65.49554187, 916.47161640]
  obj_bb: [303, 153, 89, 98]
  obj_id: 10
127:
- cam_R_m2c: [-0.39465401, 0.91774899, -0.04455650, 0.91445601, 0.38758799, -0.11638400, -0.08954200, -0.08667650, -0.99220401]
  cam_t_m2c: [17.99815179, -76.93712965, 904.08970020]
  obj_bb: [294, 144, 88, 100]
  obj_id: 10
128:
- cam_R_m2c: [-0.15229900, 0.98093301, -0.12072900, 0.98368698, 0.13861600, -0.11465100, -0.09572960, -0.13622101, -0.98604202]
  cam_t_m2c: [27.21554143, -48.66977212, 851.08101545]
  obj_bb: [304, 158, 80, 103]
  obj_id: 10
129:
- cam_R_m2c: [0.02237250, 0.98072100, -0.19412901, 0.98804402, -0.05131720, -0.14538200, -0.15254200, -0.18855500, -0.97014302]
  cam_t_m2c: [25.10076845, -16.56879989, 816.65496710]
  obj_bb: [305, 177, 75, 106]
  obj_id: 10
130:
- cam_R_m2c: [0.61352599, 0.78913802, -0.02909960, 0.77796102, -0.61033797, -0.14921500, -0.13551199, 0.06890900, -0.98837602]
  cam_t_m2c: [58.95100939, -51.50704204, 1062.80989271]
  obj_bb: [317, 171, 82, 87]
  obj_id: 10
131:
- cam_R_m2c: [0.70022899, 0.71168798, -0.05638030, 0.70441097, -0.70159203, -0.10757900, -0.11611900, 0.03561510, -0.99259698]
  cam_t_m2c: [51.43948878, -82.78890615, 1005.95307185]
  obj_bb: [311, 149, 89, 91]
  obj_id: 10
132:
- cam_R_m2c: [0.54671901, 0.83730698, -0.00401033, 0.82955498, -0.54229498, -0.13324800, -0.11374400, 0.06952220, -0.99107498]
  cam_t_m2c: [8.86781392, -22.68586096, 910.67619605]
  obj_bb: [286, 176, 93, 103]
  obj_id: 10
133:
- cam_R_m2c: [0.01191430, 0.98706800, 0.15985800, 0.98991901, 0.01092050, -0.14121000, -0.14113000, 0.15992799, -0.97698802]
  cam_t_m2c: [-82.79739361, 32.29406932, 812.73932113]
  obj_bb: [228, 212, 77, 106]
  obj_id: 10
134:
- cam_R_m2c: [-0.14379799, 0.98080599, 0.13168900, 0.97930402, 0.16018800, -0.12370700, -0.14242800, 0.11117500, -0.98354203]
  cam_t_m2c: [-58.03356623, 19.70042196, 783.94040703]
  obj_bb: [239, 200, 88, 114]
  obj_id: 10
135:
- cam_R_m2c: [-0.05891290, 0.99530703, 0.07676240, 0.99103898, 0.06754740, -0.11523100, -0.11987600, 0.06928600, -0.99036801]
  cam_t_m2c: [-68.43385514, -20.35561162, 710.18737926]
  obj_bb: [224, 165, 92, 122]
  obj_id: 10
136:
- cam_R_m2c: [0.43155801, 0.89464498, -0.11562000, 0.85654902, -0.44660100, -0.25859299, -0.28298500, 0.01256380, -0.95904201]
  cam_t_m2c: [101.38939756, 19.71357604, 1060.42260121]
  obj_bb: [344, 209, 76, 88]
  obj_id: 10
137:
- cam_R_m2c: [0.29816300, 0.95222700, -0.06605200, 0.91192299, -0.30461600, -0.27496600, -0.28195000, 0.02175020, -0.95918202]
  cam_t_m2c: [34.06366050, 59.03517956, 1029.44246537]
  obj_bb: [310, 231, 72, 89]
  obj_id: 10
138:
- cam_R_m2c: [-0.04151290, 0.99783802, 0.05095680, 0.96757799, 0.05286640, -0.24697600, -0.24913600, 0.03905210, -0.96768099]
  cam_t_m2c: [-19.72126149, 13.76357175, 916.74747057]
  obj_bb: [278, 205, 69, 92]
  obj_id: 10
139:
- cam_R_m2c: [-0.18147799, 0.90997398, -0.37284401, 0.87883902, -0.02004870, -0.47669700, -0.44125700, -0.41418001, -0.79608202]
  cam_t_m2c: [19.92586144, -7.89519996, 806.07375661]
  obj_bb: [296, 188, 84, 99]
  obj_id: 10
140:
- cam_R_m2c: [-0.69080502, 0.72065097, -0.05874370, 0.54120398, 0.46149001, -0.70293999, -0.47946501, -0.51738697, -0.70881897]
  cam_t_m2c: [48.93712118, 72.89610584, 1055.83866743]
  obj_bb: [309, 246, 86, 75]
  obj_id: 10
141:
- cam_R_m2c: [-0.53423202, 0.81666899, -0.21828400, 0.72185498, 0.30634400, -0.62054700, -0.43991199, -0.48908499, -0.75317502]
  cam_t_m2c: [25.12339949, 26.57293151, 1031.75259365]
  obj_bb: [299, 219, 81, 80]
  obj_id: 10
142:
- cam_R_m2c: [-0.23127000, 0.84263700, -0.48629001, 0.85603797, -0.06126220, -0.51327002, -0.46229100, -0.53498697, -0.70716101]
  cam_t_m2c: [42.87459958, 25.06969186, 924.99856082]
  obj_bb: [313, 215, 75, 86]
  obj_id: 10
143:
- cam_R_m2c: [-0.18910500, 0.87325299, -0.44907501, 0.88451099, -0.04713950, -0.46413201, -0.42647400, -0.48498100, -0.76348799]
  cam_t_m2c: [-13.73272316, -10.03677983, 796.86461086]
  obj_bb: [271, 185, 86, 100]
  obj_id: 10
144:
- cam_R_m2c: [-0.72645599, 0.68660498, 0.02890250, 0.56160003, 0.61738402, -0.55085599, -0.39606401, -0.38394099, -0.83410001]
  cam_t_m2c: [-147.15385038, 31.88104345, 1067.94630348]
  obj_bb: [202, 223, 88, 75]
  obj_id: 10
145:
- cam_R_m2c: [-0.66939801, 0.74202299, -0.03615370, 0.63000798, 0.54121101, -0.55693901, -0.39369500, -0.39559099, -0.82976598]
  cam_t_m2c: [-141.80639361, 49.65077420, 1018.77865703]
  obj_bb: [201, 231, 90, 81]
  obj_id: 10
146:
- cam_R_m2c: [-0.46074301, 0.86402202, -0.20293400, 0.80809599, 0.31384200, -0.49848199, -0.36701000, -0.39366201, -0.84281301]
  cam_t_m2c: [-101.16020184, 51.49654800, 919.33856924]
  obj_bb: [218, 229, 89, 93]
  obj_id: 10
147:
- cam_R_m2c: [-0.48264900, 0.85106599, -0.20672899, 0.79826200, 0.33037099, -0.50361902, -0.36031601, -0.40809500, -0.83882701]
  cam_t_m2c: [-93.38505583, 41.06192270, 908.87958670]
  obj_bb: [222, 223, 90, 93]
  obj_id: 10
148:
- cam_R_m2c: [-0.70267200, 0.70631999, -0.08581520, 0.64536399, 0.58190697, -0.49486300, -0.29959500, -0.40310800, -0.86472303]
  cam_t_m2c: [-75.09971561, -55.82886490, 824.12012314]
  obj_bb: [218, 156, 111, 99]
  obj_id: 10
149:
- cam_R_m2c: [-0.69746298, 0.70569003, -0.12468700, 0.66758603, 0.57657301, -0.47105601, -0.26052800, -0.41178301, -0.87324703]
  cam_t_m2c: [-89.10191412, -68.75388627, 766.45484953]
  obj_bb: [200, 139, 118, 107]
  obj_id: 10
150:
- cam_R_m2c: [-0.72052002, 0.67480499, -0.15965401, 0.65817600, 0.59302902, -0.46381101, -0.21830299, -0.43926600, -0.87142998]
  cam_t_m2c: [-69.46056656, -79.49134271, 713.49860534]
  obj_bb: [207, 123, 127, 115]
  obj_id: 10
151:
- cam_R_m2c: [-0.75517201, 0.65550297, -0.00553883, 0.57738400, 0.66112697, -0.47910199, -0.31039101, -0.36500299, -0.87774199]
  cam_t_m2c: [-61.57127290, -80.68130189, 1060.72165305]
  obj_bb: [248, 162, 88, 75]
  obj_id: 10
152:
- cam_R_m2c: [-0.74210900, 0.67016602, -0.01232700, 0.59042698, 0.64488399, -0.48530501, -0.31728500, -0.36742800, -0.87425798]
  cam_t_m2c: [-56.33250632, -78.54299765, 1060.38439960]
  obj_bb: [251, 163, 88, 76]
  obj_id: 10
153:
- cam_R_m2c: [-0.63165599, 0.76877201, -0.09999740, 0.64681298, 0.45150101, -0.61463797, -0.42736799, -0.45291999, -0.78244501]
  cam_t_m2c: [-48.59561003, 30.74420199, 1029.44641399]
  obj_bb: [255, 221, 87, 80]
  obj_id: 10
154:
- cam_R_m2c: [-0.61143798, 0.78092200, -0.12769100, 0.66193902, 0.41636300, -0.62328100, -0.43356800, -0.46562099, -0.77150202]
  cam_t_m2c: [-41.36128534, 47.15906027, 1021.51436413]
  obj_bb: [259, 230, 86, 81]
  obj_id: 10
155:
- cam_R_m2c: [-0.87737399, 0.46715799, -0.10944400, 0.43178099, 0.66926903, -0.60468602, -0.20923699, -0.57779098, -0.78890902]
  cam_t_m2c: [64.73415224, -87.26621902, 793.48354897]
  obj_bb: [314, 133, 119, 95]
  obj_id: 10
156:
- cam_R_m2c: [-0.88350099, 0.46442199, -0.06113340, 0.40226099, 0.68534303, -0.60703498, -0.24002300, -0.56090802, -0.79232001]
  cam_t_m2c: [7.31972881, -109.61292411, 751.31158687]
  obj_bb: [269, 110, 126, 99]
  obj_id: 10
157:
- cam_R_m2c: [-0.86830801, 0.49093801, -0.07086270, 0.42695901, 0.66702199, -0.61056298, -0.25248101, -0.56041199, -0.78879100]
  cam_t_m2c: [-27.14842107, -119.18660032, 724.87722781]
  obj_bb: [240, 98, 129, 103]
  obj_id: 10
158:
- cam_R_m2c: [-0.86388201, 0.49702999, -0.08166440, 0.43842599, 0.66217399, -0.60770798, -0.24797300, -0.56079203, -0.78995103]
  cam_t_m2c: [-34.05514097, -124.82476442, 713.24389825]
  obj_bb: [233, 91, 131, 105]
  obj_id: 10
159:
- cam_R_m2c: [-0.87479103, 0.47901401, -0.07271110, 0.42815900, 0.69406801, -0.57874900, -0.22676200, -0.53741598, -0.81225801]
  cam_t_m2c: [-59.39168321, -150.25522587, 675.92731868]
  obj_bb: [207, 61, 138, 110]
  obj_id: 10
160:
- cam_R_m2c: [-0.75691599, 0.63834101, -0.13999900, 0.64330500, 0.69007897, -0.33158699, -0.11505500, -0.34104499, -0.93298000]
  cam_t_m2c: [-9.73593983, -92.31051340, 1052.23649492]
  obj_bb: [277, 153, 87, 79]
  obj_id: 10
161:
- cam_R_m2c: [-0.81230801, 0.57209098, -0.11343400, 0.58026302, 0.77315497, -0.25598100, -0.05874240, -0.27375701, -0.96000302]
  cam_t_m2c: [-17.50714255, -64.09595936, 1037.12747229]
  obj_bb: [271, 168, 90, 80]
  obj_id: 10
162:
- cam_R_m2c: [-0.81102198, 0.57656801, -0.09906160, 0.58066797, 0.77275997, -0.25625700, -0.07119850, -0.26535100, -0.96151900]
  cam_t_m2c: [-6.92849595, -32.67246277, 1027.62939453]
  obj_bb: [277, 185, 90, 80]
  obj_id: 10
163:
- cam_R_m2c: [-0.90087301, 0.43322101, -0.02733740, 0.41792601, 0.84859997, -0.32436800, -0.11732500, -0.30364001, -0.94553602]
  cam_t_m2c: [-0.49353682, -76.34734286, 982.92594779]
  obj_bb: [278, 159, 95, 78]
  obj_id: 10
164:
- cam_R_m2c: [-0.78969699, 0.60753399, -0.08532660, 0.59113401, 0.71630800, -0.37075999, -0.16412900, -0.34322801, -0.92480099]
  cam_t_m2c: [-39.33430470, -40.00190524, 926.66946460]
  obj_bb: [251, 175, 101, 87]
  obj_id: 10
165:
- cam_R_m2c: [-0.77169502, 0.62009901, -0.14129400, 0.61701798, 0.67609799, -0.40271601, -0.15419500, -0.39795500, -0.90435398]
  cam_t_m2c: [-43.69254649, -56.87834034, 836.78910722]
  obj_bb: [241, 155, 110, 98]
  obj_id: 10
166:
- cam_R_m2c: [-0.89894497, 0.42009100, -0.12418000, 0.43162400, 0.80098701, -0.41487399, -0.07481880, -0.42654800, -0.90136498]
  cam_t_m2c: [-55.78671170, -119.69097905, 783.93775804]
  obj_bb: [227, 105, 117, 99]
  obj_id: 10
167:
- cam_R_m2c: [-0.77650398, 0.62263298, -0.09679190, 0.62074399, 0.72949201, -0.28725901, -0.10824800, -0.28314099, -0.95295000]
  cam_t_m2c: [-71.29560595, -33.53182446, 710.59165349]
  obj_bb: [204, 158, 130, 118]
  obj_id: 10
168:
- cam_R_m2c: [-0.75054401, 0.65758699, -0.06529440, 0.65550798, 0.72836298, -0.19948800, -0.08362280, -0.19252600, -0.97772199]
  cam_t_m2c: [-58.15680052, -63.89741572, 702.10465598]
  obj_bb: [213, 131, 131, 122]
  obj_id: 10
169:
- cam_R_m2c: [-0.47578299, 0.87956297, -0.00000289, 0.47198999, 0.25531101, -0.84382498, -0.74219698, -0.40147901, -0.53661799]
  cam_t_m2c: [58.63200346, -64.74710494, 1051.00614443]
  obj_bb: [318, 177, 78, 65]
  obj_id: 10
170:
- cam_R_m2c: [-0.49358001, 0.83981401, 0.22603400, 0.44007501, 0.46534300, -0.76797801, -0.75014198, -0.27958700, -0.59926498]
  cam_t_m2c: [82.12409311, -150.13071472, 1022.52435474]
  obj_bb: [332, 126, 78, 68]
  obj_id: 10
171:
- cam_R_m2c: [-0.48602101, 0.85968500, 0.15724200, 0.36076400, 0.36123100, -0.85986102, -0.79601002, -0.36118400, -0.48570901]
  cam_t_m2c: [65.24355676, -21.20617624, 930.50083220]
  obj_bb: [321, 195, 87, 73]
  obj_id: 10
172:
- cam_R_m2c: [-0.38993999, 0.91499799, -0.10356100, 0.45533001, 0.09383920, -0.88536400, -0.80038798, -0.39239299, -0.45321801]
  cam_t_m2c: [43.44361594, -13.04537410, 839.20709274]
  obj_bb: [308, 198, 92, 77]
  obj_id: 10
173:
- cam_R_m2c: [-0.38433301, 0.90465599, -0.18408200, 0.50090498, 0.03684880, -0.86471802, -0.77548897, -0.42454699, -0.46730900]
  cam_t_m2c: [51.03190326, -36.00837198, 733.43693649]
  obj_bb: [313, 174, 103, 88]
  obj_id: 10
174:
