0:
- cam_R_m2c: [0.99555397, -0.02460450, 0.09092280, 0.03204600, -0.81922501, -0.57257599, 0.08857420, 0.57294399, -0.81479502]
  cam_t_m2c: [65.21082500, 30.60059019, 822.65398262]
  obj_bb: [333, 240, 72, 59]
  obj_id: 9
1:
- cam_R_m2c: [0.99782598, 0.02598900, 0.06055680, 0.05408270, -0.84801298, -0.52720898, 0.03765130, 0.52933800, -0.84757501]
  cam_t_m2c: [103.43000227, -63.23375474, 920.28993234]
  obj_bb: [356, 181, 64, 54]
  obj_id: 9
2:
- cam_R_m2c: [0.99229097, 0.10486000, 0.06605170, 0.12390400, -0.82864600, -0.54588801, -0.00250817, 0.54986399, -0.83525097]
  cam_t_m2c: [114.64548894, -41.65602546, 941.48426333]
  obj_bb: [362, 196, 63, 52]
  obj_id: 9
3:
- cam_R_m2c: [0.99710798, -0.07587780, -0.00426525, -0.06000210, -0.75155902, -0.65693200, 0.04664090, 0.65528798, -0.75393802]
  cam_t_m2c: [100.61034025, 180.32773127, 1024.07664363]
  obj_bb: [352, 324, 57, 48]
  obj_id: 9
4:
- cam_R_m2c: [0.99675798, -0.08039330, 0.00317280, -0.06830160, -0.86636502, -0.49472001, 0.04252090, 0.49289900, -0.86904699]
  cam_t_m2c: [56.87556494, 7.62061195, 1046.88219803]
  obj_bb: [328, 228, 55, 45]
  obj_id: 9
5:
- cam_R_m2c: [0.99559999, -0.07683140, 0.05364540, -0.05289740, -0.93335402, -0.35503900, 0.07734830, 0.35063899, -0.93331099]
  cam_t_m2c: [23.02213434, 30.62409663, 1051.98862735]
  obj_bb: [309, 243, 55, 41]
  obj_id: 9
6:
- cam_R_m2c: [0.99062800, -0.12399900, 0.05727750, -0.10691500, -0.96491700, -0.23980200, 0.08500330, 0.23143101, -0.96913099]
  cam_t_m2c: [14.08967382, 17.11033780, 1042.07107682]
  obj_bb: [304, 235, 56, 41]
  obj_id: 9
7:
- cam_R_m2c: [0.95775199, -0.28748700, 0.00789496, -0.28393099, -0.94956100, -0.13310499, 0.04576260, 0.12524000, -0.99107099]
  cam_t_m2c: [26.41171307, 59.10205124, 1048.71392021]
  obj_bb: [312, 255, 54, 41]
  obj_id: 9
8:
- cam_R_m2c: [0.97677100, -0.21283500, -0.02489880, -0.21413399, -0.96508700, -0.15084399, 0.00807533, 0.15267199, -0.98824400]
  cam_t_m2c: [60.77081705, -31.08807494, 1008.64807102]
  obj_bb: [331, 206, 57, 43]
  obj_id: 9
9:
- cam_R_m2c: [0.96954602, -0.24271700, -0.03269810, -0.24443600, -0.96730798, -0.06757330, -0.01522790, 0.07350800, -0.99717802]
  cam_t_m2c: [46.53904505, -12.61243882, 992.12650451]
  obj_bb: [323, 214, 58, 44]
  obj_id: 9
10:
- cam_R_m2c: [0.97930503, -0.19900200, -0.03686560, -0.19949800, -0.91850001, -0.34140500, 0.03407920, 0.34169501, -0.93919301]
  cam_t_m2c: [-47.08448003, -37.51472467, 1061.37289339]
  obj_bb: [273, 205, 55, 42]
  obj_id: 9
11:
- cam_R_m2c: [0.99503499, -0.09908470, 0.00940420, -0.09292130, -0.95866603, -0.26893499, 0.03566280, 0.26672599, -0.96311200]
  cam_t_m2c: [-104.01676477, -47.79371458, 1047.26971907]
  obj_bb: [241, 200, 57, 41]
  obj_id: 9
12:
- cam_R_m2c: [0.99951601, 0.03091400, 0.00343863, 0.03066250, -0.96069801, -0.27589601, -0.00522556, 0.27586800, -0.96118098]
  cam_t_m2c: [-92.77259698, 18.89927394, 1052.15899309]
  obj_bb: [248, 236, 56, 41]
  obj_id: 9
13:
- cam_R_m2c: [0.92958897, 0.36834201, -0.01375670, 0.31890899, -0.82242799, -0.47107300, -0.18483000, 0.43351701, -0.88198698]
  cam_t_m2c: [-74.67455183, 89.66651686, 1047.47997242]
  obj_bb: [258, 276, 55, 42]
  obj_id: 9
14:
- cam_R_m2c: [0.90989500, 0.41258001, -0.04322670, 0.35601500, -0.83011001, -0.42915100, -0.21294200, 0.37509301, -0.90219802]
  cam_t_m2c: [-55.04354835, 41.31797565, 1050.76677188]
  obj_bb: [270, 250, 54, 42]
  obj_id: 9
15:
- cam_R_m2c: [0.88388300, 0.46770799, -0.00065427, 0.44251600, -0.83672500, -0.32259801, -0.15142900, 0.28485000, -0.94653600]
  cam_t_m2c: [-62.75458796, 74.01596157, 1043.18816302]
  obj_bb: [265, 266, 54, 42]
  obj_id: 9
16:
- cam_R_m2c: [0.89001101, 0.45583099, 0.00990914, 0.43804601, -0.84885401, -0.29590899, -0.12647299, 0.26770300, -0.95516503]
  cam_t_m2c: [-76.39962447, 81.94688064, 1044.73267313]
  obj_bb: [257, 270, 54, 42]
  obj_id: 9
17:
- cam_R_m2c: [0.99098098, 0.12808201, -0.03939430, 0.08825610, -0.84504801, -0.52735698, -0.10083500, 0.51912397, -0.84873003]
  cam_t_m2c: [25.92473477, 28.87634021, 1037.89680761]
  obj_bb: [311, 241, 57, 45]
  obj_id: 9
18:
- cam_R_m2c: [0.98964798, 0.13484000, -0.04913910, 0.08856620, -0.84324002, -0.53019100, -0.11292700, 0.52034998, -0.84645301]
  cam_t_m2c: [19.32837298, 18.55563995, 1040.03576318]
  obj_bb: [308, 235, 57, 45]
  obj_id: 9
19:
- cam_R_m2c: [0.99820501, 0.04479430, 0.03975350, 0.05804780, -0.88700902, -0.45808899, 0.01474200, 0.45957401, -0.88801700]
  cam_t_m2c: [-178.85410395, -1.42913505, 998.44049213]
  obj_bb: [194, 224, 60, 46]
  obj_id: 9
20:
- cam_R_m2c: [0.99567097, -0.00608398, 0.09275020, 0.04049700, -0.86977297, -0.49178800, 0.08366360, 0.49341500, -0.86576098]
  cam_t_m2c: [-195.18113384, -25.34185190, 959.45917682]
  obj_bb: [178, 208, 63, 49]
  obj_id: 9
21:
- cam_R_m2c: [0.99350899, 0.00017662, 0.11375200, 0.06414240, -0.82672501, -0.55893803, 0.09394250, 0.56260598, -0.82137001]
  cam_t_m2c: [-185.68347119, -32.65908780, 988.92270090]
  obj_bb: [188, 203, 60, 50]
  obj_id: 9
22:
- cam_R_m2c: [0.99141401, -0.00576237, 0.13063100, 0.07087620, -0.81585503, -0.57389599, 0.10988300, 0.57822800, -0.80844200]
  cam_t_m2c: [-185.34245149, -37.42079785, 1005.15263264]
  obj_bb: [190, 201, 59, 49]
  obj_id: 9
23:
- cam_R_m2c: [0.98626798, 0.12161400, 0.11174000, 0.16074701, -0.55163002, -0.81845301, -0.03789600, 0.82517499, -0.56360400]
  cam_t_m2c: [-73.97141993, 155.59940934, 1056.72271724]
  obj_bb: [256, 307, 56, 49]
  obj_id: 9
24:
- cam_R_m2c: [0.99863702, 0.05122240, 0.01006230, 0.04140380, -0.65982801, -0.75027603, -0.03179150, 0.74966902, -0.66104901]
  cam_t_m2c: [-35.53186966, -18.94297372, 1056.70938968]
  obj_bb: [278, 211, 56, 50]
  obj_id: 9
25:
- cam_R_m2c: [0.99607199, 0.08756960, 0.01309880, 0.06517690, -0.62500501, -0.77789497, -0.05993310, 0.77569300, -0.62825799]
  cam_t_m2c: [-67.88678007, 13.04258758, 1073.25090113]
  obj_bb: [262, 229, 55, 49]
  obj_id: 9
26:
- cam_R_m2c: [0.97741300, 0.21133900, 0.00079272, 0.13568901, -0.62465799, -0.76902002, -0.16202900, 0.75175703, -0.63922501]
  cam_t_m2c: [-75.39421241, -5.53193935, 1042.63151685]
  obj_bb: [256, 218, 57, 51]
  obj_id: 9
27:
- cam_R_m2c: [0.91407001, 0.40194800, 0.05397950, 0.29165900, -0.55902898, -0.77615798, -0.28179899, 0.72520602, -0.62822402]
  cam_t_m2c: [-86.69677313, 34.98901375, 1066.11283250]
  obj_bb: [252, 241, 53, 50]
  obj_id: 9
28:
- cam_R_m2c: [0.90569699, 0.41744599, 0.07383600, 0.33308101, -0.59299201, -0.73308802, -0.26224101, 0.68854898, -0.67611402]
  cam_t_m2c: [-71.72601563, 40.30781717, 1048.42975783]
  obj_bb: [259, 245, 54, 49]
  obj_id: 9
29:
- cam_R_m2c: [0.89948899, 0.42911199, 0.08235240, 0.35969600, -0.62019497, -0.69712001, -0.24806800, 0.65667403, -0.71220899]
  cam_t_m2c: [-86.80213086, 72.11551401, 1053.93325477]
  obj_bb: [251, 263, 53, 48]
  obj_id: 9
30:
- cam_R_m2c: [0.78311598, 0.61643201, 0.08210250, 0.48438400, -0.52183801, -0.70218003, -0.39000201, 0.58965802, -0.70725000]
  cam_t_m2c: [-61.57860775, 12.96592997, 1067.69901332]
  obj_bb: [267, 230, 50, 51]
  obj_id: 9
31:
- cam_R_m2c: [0.78872699, 0.60735601, 0.09502440, 0.51123500, -0.56219703, -0.65005600, -0.34139299, 0.56129599, -0.75392097]
  cam_t_m2c: [-84.00888570, 92.90342859, 1049.47692754]
  obj_bb: [254, 275, 50, 49]
  obj_id: 9
32:
- cam_R_m2c: [0.98187101, -0.18872499, 0.01767560, -0.11188100, -0.65229100, -0.74966598, 0.15301000, 0.73409802, -0.66158003]
  cam_t_m2c: [-97.95119920, 91.54675233, 1028.68967581]
  obj_bb: [242, 272, 58, 51]
  obj_id: 9
33:
- cam_R_m2c: [0.96583003, -0.25756899, 0.02881900, -0.15042800, -0.64765000, -0.74694097, 0.21105300, 0.71708298, -0.66426498]
  cam_t_m2c: [-115.78873678, 59.22551299, 1016.53845497]
  obj_bb: [231, 254, 58, 51]
  obj_id: 9
34:
- cam_R_m2c: [0.96517801, -0.26095599, 0.01826010, -0.13789500, -0.56685603, -0.81219399, 0.22229700, 0.78139400, -0.58310097]
  cam_t_m2c: [-92.32363238, 61.58002020, 1012.27227636]
  obj_bb: [244, 254, 58, 53]
  obj_id: 9
35:
- cam_R_m2c: [0.94974601, -0.31285599, 0.01015680, -0.16885200, -0.53937203, -0.82496399, 0.26357299, 0.78179199, -0.56509298]
  cam_t_m2c: [-142.62259820, 53.06712962, 1019.75626356]
  obj_bb: [217, 249, 58, 53]
  obj_id: 9
36:
- cam_R_m2c: [0.93559700, -0.35300100, 0.00693050, -0.18908601, -0.51753902, -0.83450598, 0.29816899, 0.77945101, -0.55095500]
  cam_t_m2c: [-144.14707270, 47.37534367, 1044.62319619]
  obj_bb: [218, 246, 57, 52]
  obj_id: 9
37:
- cam_R_m2c: [0.98016798, -0.19630601, 0.02709070, -0.09561330, -0.58822399, -0.80302602, 0.17357400, 0.78451103, -0.59532797]
  cam_t_m2c: [-18.25637339, 25.56238316, 1052.36041117]
  obj_bb: [287, 234, 56, 51]
  obj_id: 9
38:
- cam_R_m2c: [0.97125697, -0.23320100, 0.04772160, -0.10016100, -0.58226198, -0.80680698, 0.21593501, 0.77883798, -0.58888400]
  cam_t_m2c: [18.01143740, 52.69419396, 1014.22816950]
  obj_bb: [306, 249, 57, 53]
  obj_id: 9
39:
- cam_R_m2c: [0.94969100, -0.31158301, 0.03167150, -0.17676200, -0.61673403, -0.76706898, 0.25853801, 0.72288001, -0.64078301]
  cam_t_m2c: [-3.75376602, 2.72274077, 1028.67231920]
  obj_bb: [294, 221, 56, 52]
  obj_id: 9
40:
- cam_R_m2c: [0.93598503, -0.34700200, 0.05933970, -0.22126099, -0.71096802, -0.66750902, 0.27381501, 0.61164898, -0.74223399]
  cam_t_m2c: [-45.96562943, -85.71685260, 1064.20494953]
  obj_bb: [273, 175, 54, 49]
  obj_id: 9
41:
- cam_R_m2c: [0.89296597, -0.44820899, 0.04146750, -0.31922099, -0.69553602, -0.64368302, 0.31734699, 0.56155002, -0.76416802]
  cam_t_m2c: [-31.42710905, 6.29395123, 1021.76672469]
  obj_bb: [280, 224, 55, 51]
  obj_id: 9
42:
- cam_R_m2c: [0.88883001, -0.45622101, 0.04293470, -0.32347199, -0.69103700, -0.64640099, 0.32457101, 0.56065202, -0.76178902]
  cam_t_m2c: [-26.58058047, 3.18505282, 1019.81249489]
  obj_bb: [282, 222, 55, 52]
  obj_id: 9
43:
- cam_R_m2c: [0.88381898, -0.46503499, 0.05105150, -0.35748899, -0.74172300, -0.56749302, 0.30177000, 0.48331001, -0.82179397]
  cam_t_m2c: [-78.59273520, 68.77495298, 1047.48005104]
  obj_bb: [255, 260, 54, 48]
  obj_id: 9
44:
- cam_R_m2c: [0.85628599, -0.51499498, 0.03942570, -0.40406400, -0.71547198, -0.56993997, 0.32172400, 0.47210100, -0.82073998]
  cam_t_m2c: [-42.10048111, 66.98498322, 1007.89861006]
  obj_bb: [274, 260, 54, 50]
  obj_id: 9
45:
- cam_R_m2c: [0.82748699, -0.55720103, 0.06922640, -0.38477001, -0.65252000, -0.65281701, 0.40892199, 0.51356101, -0.75434601]
  cam_t_m2c: [6.59094671, 49.70390443, 970.97604823]
  obj_bb: [300, 249, 55, 54]
  obj_id: 9
46:
- cam_R_m2c: [0.81424898, -0.57800502, 0.05392840, -0.36202401, -0.57821101, -0.73117101, 0.45380300, 0.57583201, -0.68006003]
  cam_t_m2c: [-17.58643557, 49.38677161, 1019.89878675]
  obj_bb: [288, 247, 53, 54]
  obj_id: 9
47:
- cam_R_m2c: [0.81496900, -0.57719499, 0.05167840, -0.35512900, -0.56790501, -0.74254102, 0.45794001, 0.58679599, -0.66780400]
  cam_t_m2c: [-20.63121629, 60.82463587, 1033.83124106]
  obj_bb: [287, 253, 52, 53]
  obj_id: 9
48:
- cam_R_m2c: [0.81560200, -0.57782900, 0.03011520, -0.32258400, -0.49730000, -0.80537701, 0.48034599, 0.64715201, -0.59199798]
  cam_t_m2c: [-9.77789155, 61.05702884, 1053.69475971]
  obj_bb: [294, 253, 51, 52]
  obj_id: 9
49:
- cam_R_m2c: [0.80380702, -0.59352702, 0.04024580, -0.30888900, -0.47422799, -0.82443702, 0.50841099, 0.65025598, -0.56452203]
  cam_t_m2c: [-29.61011049, 48.45022220, 1048.22385650]
  obj_bb: [283, 246, 51, 53]
  obj_id: 9
50:
- cam_R_m2c: [0.81978297, -0.57252097, -0.01325410, -0.26443201, -0.35790300, -0.89553398, 0.50796902, 0.73764801, -0.44479501]
  cam_t_m2c: [-8.03291870, 57.39278893, 1068.37612998]
  obj_bb: [295, 250, 51, 52]
  obj_id: 9
51:
- cam_R_m2c: [0.85523897, -0.51772898, -0.02288740, -0.25777301, -0.38667199, -0.88545901, 0.44957799, 0.76317900, -0.46415401]
  cam_t_m2c: [-51.49733884, -16.45150284, 1052.33041495]
  obj_bb: [271, 210, 53, 52]
  obj_id: 9
52:
- cam_R_m2c: [0.92090601, -0.38821799, 0.03492580, -0.15484600, -0.44659701, -0.88123399, 0.35770801, 0.80612600, -0.47138801]
  cam_t_m2c: [-67.61804876, -28.92280479, 1050.05165991]
  obj_bb: [260, 203, 56, 52]
  obj_id: 9
53:
- cam_R_m2c: [0.92804199, -0.35582200, 0.11013200, -0.09567070, -0.51346600, -0.85276002, 0.35997999, 0.78086102, -0.51055998]
  cam_t_m2c: [-154.41888784, -83.94351105, 1017.19280451]
  obj_bb: [208, 171, 58, 53]
  obj_id: 9
54:
- cam_R_m2c: [0.92791897, -0.35249901, 0.12128700, -0.09495860, -0.53813201, -0.83749402, 0.36048400, 0.76560998, -0.53281599]
  cam_t_m2c: [-175.26409574, -87.15728210, 1007.53862622]
  obj_bb: [195, 169, 59, 53]
  obj_id: 9
55:
- cam_R_m2c: [0.92786199, -0.34887499, 0.13174900, -0.08134880, -0.53412902, -0.84148002, 0.36394200, 0.77006000, -0.52397901]
  cam_t_m2c: [-157.81957423, -76.47067224, 1019.48487660]
  obj_bb: [207, 176, 57, 52]
  obj_id: 9
56:
- cam_R_m2c: [0.97082102, -0.23525900, 0.04646630, -0.04908770, -0.38462499, -0.92176700, 0.23472600, 0.89258999, -0.38495100]
  cam_t_m2c: [-117.97583262, 128.06107279, 1028.16995860]
  obj_bb: [230, 290, 58, 53]
  obj_id: 9
57:
- cam_R_m2c: [0.99209499, -0.11974300, 0.03754710, -0.02868880, -0.50769198, -0.86106098, 0.12216800, 0.85317701, -0.50711399]
  cam_t_m2c: [-55.55137363, 21.51098351, 1037.46088199]
  obj_bb: [266, 232, 57, 51]
  obj_id: 9
58:
- cam_R_m2c: [0.99982500, 0.00356037, -0.01836320, -0.01386960, -0.51759303, -0.85551500, -0.01255060, 0.85562003, -0.51745301]
  cam_t_m2c: [-77.04227853, -8.28892107, 1054.15822368]
  obj_bb: [256, 215, 56, 51]
  obj_id: 9
59:
- cam_R_m2c: [0.99185300, 0.12629500, 0.01664180, 0.07803670, -0.49913999, -0.86300099, -0.10068600, 0.85726798, -0.50492901]
  cam_t_m2c: [-69.46628947, 11.86353712, 1071.15665760]
  obj_bb: [261, 227, 55, 50]
  obj_id: 9
60:
- cam_R_m2c: [0.93783498, 0.34625101, -0.02400800, 0.20762201, -0.61509198, -0.76062799, -0.27813500, 0.70835900, -0.64874399]
  cam_t_m2c: [18.11799086, -148.66174986, 1008.82075359]
  obj_bb: [307, 135, 57, 53]
  obj_id: 9
61:
- cam_R_m2c: [0.93309301, 0.35963601, -0.00033351, 0.23011200, -0.59774899, -0.76794797, -0.27638099, 0.71648997, -0.64051199]
  cam_t_m2c: [15.95072457, -142.39809272, 1020.21500506]
  obj_bb: [306, 140, 56, 53]
  obj_id: 9
62:
- cam_R_m2c: [0.93300700, 0.35973200, -0.00954643, 0.22418700, -0.60179698, -0.76653802, -0.28149399, 0.71304500, -0.64212799]
  cam_t_m2c: [7.13355339, -153.92809039, 1022.12543231]
  obj_bb: [301, 133, 57, 53]
  obj_id: 9
63:
- cam_R_m2c: [0.87166500, 0.48971701, -0.01941390, 0.30800000, -0.57817298, -0.75554699, -0.38122901, 0.65260500, -0.65480697]
  cam_t_m2c: [34.12208852, -170.22855765, 1037.37004378]
  obj_bb: [317, 126, 54, 52]
  obj_id: 9
64:
- cam_R_m2c: [0.83839399, 0.54466498, -0.02087040, 0.34597701, -0.56136400, -0.75177801, -0.42118299, 0.62306601, -0.65908599]
  cam_t_m2c: [42.58602380, -157.58102362, 1017.36680543]
  obj_bb: [322, 131, 55, 54]
  obj_id: 9
65:
- cam_R_m2c: [0.77041000, 0.63607001, 0.04339520, 0.46483800, -0.51381999, -0.72105098, -0.43634200, 0.57567698, -0.69152200]
  cam_t_m2c: [13.72687679, -134.58165330, 1061.69641023]
  obj_bb: [307, 149, 50, 52]
  obj_id: 9
66:
- cam_R_m2c: [0.75803900, 0.65207797, -0.01308900, 0.36326799, -0.43879601, -0.82188398, -0.54167598, 0.61826599, -0.56950402]
  cam_t_m2c: [52.51735199, -79.73670307, 1075.28898271]
  obj_bb: [328, 179, 50, 51]
  obj_id: 9
67:
- cam_R_m2c: [0.81748199, 0.57221699, -0.06550270, 0.19600400, -0.38333401, -0.90257299, -0.54157698, 0.72499800, -0.42552599]
  cam_t_m2c: [23.50340880, 53.64816242, 1075.58666455]
  obj_bb: [313, 250, 52, 50]
  obj_id: 9
68:
- cam_R_m2c: [0.73978502, 0.67026299, -0.05886780, 0.24927300, -0.35428801, -0.90130001, -0.62496501, 0.65209502, -0.42917600]
  cam_t_m2c: [80.58390684, -23.84178592, 1070.80287779]
  obj_bb: [344, 208, 51, 51]
  obj_id: 9
69:
- cam_R_m2c: [0.80888402, 0.56951100, -0.14616400, 0.09743920, -0.37499601, -0.92189097, -0.57983899, 0.73146099, -0.35882100]
  cam_t_m2c: [34.25098052, -63.13984754, 1042.60514825]
  obj_bb: [320, 184, 53, 52]
  obj_id: 9
70:
- cam_R_m2c: [0.76134002, 0.63283300, -0.14100900, 0.10522700, -0.33521199, -0.93624800, -0.63975698, 0.69796503, -0.32180101]
  cam_t_m2c: [47.95575190, -81.48723140, 1068.88279041]
  obj_bb: [328, 176, 51, 49]
  obj_id: 9
71:
- cam_R_m2c: [0.97385103, 0.22269200, -0.04496600, 0.02700570, -0.30999401, -0.95035499, -0.22557600, 0.92429000, -0.30790201]
  cam_t_m2c: [117.15914517, 88.47796037, 1049.64424104]
  obj_bb: [361, 268, 57, 51]
  obj_id: 9
72:
- cam_R_m2c: [0.94811398, 0.31658801, -0.02919100, 0.07571000, -0.31399801, -0.94639999, -0.30878499, 0.89508498, -0.32167500]
  cam_t_m2c: [110.82856124, 36.89718897, 1067.51563981]
  obj_bb: [357, 240, 56, 50]
  obj_id: 9
73:
- cam_R_m2c: [0.94016498, 0.34030399, -0.01681920, 0.08496520, -0.28196701, -0.95565403, -0.32995501, 0.89704400, -0.29401001]
  cam_t_m2c: [91.50029424, 41.09774177, 1070.74342233]
  obj_bb: [347, 242, 55, 50]
  obj_id: 9
74:
- cam_R_m2c: [0.99890703, 0.04389850, 0.01602710, 0.03624330, -0.51121300, -0.85868901, -0.02950190, 0.85833198, -0.51224601]
  cam_t_m2c: [-23.03083157, 135.10575899, 1017.40526095]
  obj_bb: [283, 296, 58, 53]
  obj_id: 9
75:
- cam_R_m2c: [0.99945998, 0.02420640, 0.02223280, 0.03167820, -0.52917498, -0.84792101, -0.00876003, 0.84816802, -0.52965599]
  cam_t_m2c: [-27.20116771, 126.67902974, 1011.57917321]
  obj_bb: [280, 292, 59, 53]
  obj_id: 9
76:
- cam_R_m2c: [0.99987799, -0.01051300, -0.01152600, -0.01528960, -0.51364201, -0.85786802, 0.00309856, 0.85794002, -0.51374102]
  cam_t_m2c: [-36.34448583, -19.46874263, 1031.29771790]
  obj_bb: [277, 209, 57, 51]
  obj_id: 9
77:
- cam_R_m2c: [0.97477102, 0.21931100, 0.04152480, 0.11602200, -0.33890700, -0.93363899, -0.19068401, 0.91490197, -0.35580200]
  cam_t_m2c: [82.56123686, 58.07403941, 1032.09163867]
  obj_bb: [342, 252, 57, 52]
  obj_id: 9
78:
- cam_R_m2c: [0.97608000, 0.21521001, 0.03084800, 0.10147700, -0.32549599, -0.94008303, -0.19227400, 0.92072600, -0.33954901]
  cam_t_m2c: [88.50987255, 55.98753330, 1032.20742006]
  obj_bb: [345, 250, 57, 52]
  obj_id: 9
79:
- cam_R_m2c: [0.99315500, -0.11647300, 0.00881113, -0.04608680, -0.46005499, -0.88669401, 0.10733000, 0.88021803, -0.46227300]
  cam_t_m2c: [-39.37141289, -72.22556287, 1051.76789489]
  obj_bb: [276, 180, 56, 51]
  obj_id: 9
80:
- cam_R_m2c: [0.99413002, -0.10486800, -0.02659840, -0.06675600, -0.40111601, -0.91359198, 0.08513730, 0.91000497, -0.40576199]
  cam_t_m2c: [-19.42917429, -56.92279402, 1057.27292455]
  obj_bb: [287, 188, 56, 51]
  obj_id: 9
81:
- cam_R_m2c: [0.99646699, -0.04575550, -0.07042540, -0.08188350, -0.34294200, -0.93578100, 0.01866540, 0.93824202, -0.34547701]
  cam_t_m2c: [36.69713445, -64.05257242, 1055.08510114]
  obj_bb: [318, 184, 56, 50]
  obj_id: 9
82:
- cam_R_m2c: [0.99251401, -0.04424290, -0.11383900, -0.12084400, -0.22063001, -0.96784198, 0.01770380, 0.97435403, -0.22432500]
  cam_t_m2c: [50.16478341, -44.23205126, 1042.99917736]
  obj_bb: [325, 194, 58, 51]
  obj_id: 9
83:
- cam_R_m2c: [0.99111700, 0.12437200, -0.04709300, -0.00127265, -0.34522501, -0.93851900, -0.13298300, 0.93024302, -0.34200001]
  cam_t_m2c: [18.99282433, -105.27462070, 1077.08008407]
  obj_bb: [308, 163, 56, 49]
  obj_id: 9
84:
- cam_R_m2c: [0.97178298, 0.23554100, -0.01254720, 0.11517200, -0.52025002, -0.84621203, -0.20584500, 0.82089001, -0.53269798]
  cam_t_m2c: [-2.07272371, -86.54455292, 1031.16568131]
  obj_bb: [296, 171, 57, 52]
  obj_id: 9
85:
- cam_R_m2c: [0.90268201, 0.43030000, 0.00263278, 0.17377099, -0.35892600, -0.91704702, -0.39366099, 0.82826000, -0.39877000]
  cam_t_m2c: [83.63264396, -39.89953096, 1064.97048089]
  obj_bb: [343, 198, 54, 51]
  obj_id: 9
86:
- cam_R_m2c: [0.92381197, 0.38235399, -0.01938850, 0.10377200, -0.29883099, -0.94864702, -0.36851299, 0.87436002, -0.31574100]
  cam_t_m2c: [36.80054388, -63.46894512, 1078.22230248]
  obj_bb: [318, 186, 54, 49]
  obj_id: 9
87:
- cam_R_m2c: [0.87940699, -0.46575001, 0.09859470, -0.16976500, -0.50028002, -0.84905797, 0.44477400, 0.72992998, -0.51901698]
  cam_t_m2c: [-35.39176363, -54.88823637, 1032.03180009]
  obj_bb: [277, 188, 54, 53]
  obj_id: 9
88:
- cam_R_m2c: [0.91789401, -0.39259601, 0.05778770, -0.11593500, -0.40457901, -0.90712500, 0.37951300, 0.82594401, -0.41687599]
  cam_t_m2c: [46.40440612, 50.10710995, 1024.57892086]
  obj_bb: [322, 247, 55, 53]
  obj_id: 9
89:
- cam_R_m2c: [0.89073801, -0.45385599, 0.02450860, -0.11602400, -0.27918100, -0.95320302, 0.43946001, 0.84621102, -0.30133501]
  cam_t_m2c: [23.31713879, 44.93596279, 1067.61362761]
  obj_bb: [311, 243, 52, 51]
  obj_id: 9
90:
- cam_R_m2c: [0.88735503, -0.45980000, 0.03442900, -0.08457220, -0.23570600, -0.96813798, 0.45326501, 0.85617000, -0.24804100]
  cam_t_m2c: [27.52952315, 74.96384923, 1080.88224256]
  obj_bb: [313, 259, 52, 50]
  obj_id: 9
91:
- cam_R_m2c: [0.95444900, -0.29833901, -0.00452036, -0.11467600, -0.35280299, -0.92864400, 0.27545601, 0.88686198, -0.37094501]
  cam_t_m2c: [62.84585048, -104.10381050, 1074.66526672]
  obj_bb: [331, 163, 54, 50]
  obj_id: 9
92:
- cam_R_m2c: [0.95851898, -0.28501701, 0.00271271, -0.11681600, -0.40149999, -0.90837902, 0.25999299, 0.87038100, -0.41813901]
  cam_t_m2c: [54.07602822, -133.40355108, 1028.75645568]
  obj_bb: [327, 143, 56, 53]
  obj_id: 9
93:
- cam_R_m2c: [0.91115201, -0.41139099, -0.02364540, -0.15873000, -0.29744601, -0.94145101, 0.38027099, 0.86155897, -0.33631900]
  cam_t_m2c: [-20.80550767, -77.51628028, 1080.89777423]
  obj_bb: [288, 178, 53, 49]
  obj_id: 9
94:
- cam_R_m2c: [0.99815702, -0.03131880, -0.05198410, -0.05849030, -0.26793900, -0.96165901, 0.01618940, 0.96292698, -0.26927701]
  cam_t_m2c: [102.67042331, -19.81069074, 1084.40005756]
  obj_bb: [352, 209, 55, 49]
  obj_id: 9
95:
- cam_R_m2c: [0.98299098, -0.18024400, 0.03522330, -0.11417800, -0.75000697, -0.65149999, 0.14384700, 0.63639700, -0.75783002]
  cam_t_m2c: [30.43328013, 10.87090155, 1006.56817478]
  obj_bb: [313, 227, 57, 51]
  obj_id: 9
96:
- cam_R_m2c: [0.99301600, -0.09685610, -0.06737090, -0.11790900, -0.79449201, -0.59571701, 0.00417316, 0.59950000, -0.80036402]
  cam_t_m2c: [-1.96123822, 51.69423061, 1010.84657416]
  obj_bb: [296, 252, 58, 48]
  obj_id: 9
97:
- cam_R_m2c: [0.99771398, -0.06744980, 0.00416780, -0.05658930, -0.86759299, -0.49404401, 0.03693910, 0.49267900, -0.86942703]
  cam_t_m2c: [-29.47970227, 86.20363691, 981.20231103]
  obj_bb: [278, 274, 60, 47]
  obj_id: 9
98:
- cam_R_m2c: [0.99341202, -0.10969300, 0.03317780, -0.08343560, -0.89074802, -0.44677401, 0.07856110, 0.44106200, -0.89403099]
  cam_t_m2c: [-43.01444986, 106.91194456, 969.68402727]
  obj_bb: [270, 288, 60, 45]
  obj_id: 9
99:
- cam_R_m2c: [0.98984498, -0.12600300, 0.06580980, -0.08756620, -0.90515101, -0.41597301, 0.11198200, 0.40598601, -0.90699297]
  cam_t_m2c: [-2.78795027, 159.17610158, 962.88273481]
  obj_bb: [292, 319, 60, 45]
  obj_id: 9
100:
- cam_R_m2c: [0.88859701, 0.42408201, -0.17478600, 0.23351701, -0.74622899, -0.62338799, -0.39479801, 0.51312500, -0.76212698]
  cam_t_m2c: [161.08256175, 29.72233407, 1000.45644475]
  obj_bb: [389, 240, 59, 50]
  obj_id: 9
101:
- cam_R_m2c: [0.88928598, 0.42258000, -0.17491800, 0.22762500, -0.74067497, -0.63213003, -0.39668199, 0.52232897, -0.75486100]
  cam_t_m2c: [162.86017048, 34.32461897, 1003.14865733]
  obj_bb: [390, 243, 59, 49]
  obj_id: 9
102:
- cam_R_m2c: [0.89413899, 0.38189000, -0.23382799, 0.09786330, -0.67621398, -0.73017597, -0.43696499, 0.62999600, -0.64200199]
  cam_t_m2c: [148.41309130, 20.32862066, 987.79495223]
  obj_bb: [384, 232, 60, 53]
  obj_id: 9
103:
- cam_R_m2c: [0.88627797, 0.39611900, -0.24000300, 0.11159000, -0.68555701, -0.71941602, -0.44951001, 0.61082101, -0.65179700]
  cam_t_m2c: [133.19064522, -16.88140562, 1009.08781902]
  obj_bb: [374, 211, 59, 52]
  obj_id: 9
104:
- cam_R_m2c: [0.97125500, 0.13530000, -0.19585299, -0.05662080, -0.66783899, -0.74214900, -0.23121101, 0.73190498, -0.64098102]
  cam_t_m2c: [93.47504009, 78.35144606, 936.78519721]
  obj_bb: [353, 267, 63, 55]
  obj_id: 9
105:
- cam_R_m2c: [0.83974999, 0.53362799, -0.10030300, 0.41568899, -0.75067502, -0.51350701, -0.34931701, 0.38952199, -0.85220301]
  cam_t_m2c: [72.20002924, -26.18545824, 978.79041501]
  obj_bb: [340, 209, 57, 49]
  obj_id: 9
106:
- cam_R_m2c: [0.80996400, 0.57902497, -0.09320480, 0.47235301, -0.73825598, -0.48151901, -0.34762099, 0.34598801, -0.87146598]
  cam_t_m2c: [54.84824283, -37.46240369, 964.68720296]
  obj_bb: [330, 202, 57, 50]
  obj_id: 9
107:
- cam_R_m2c: [0.75154400, 0.65595198, -0.07006760, 0.57249999, -0.70130199, -0.42475799, -0.32775900, 0.27911001, -0.90259200]
  cam_t_m2c: [36.42502200, -54.32399949, 970.94349522]
  obj_bb: [320, 193, 55, 49]
  obj_id: 9
108:
- cam_R_m2c: [0.79635298, 0.60424298, -0.02669820, 0.57190102, -0.76662600, -0.29191399, -0.19685400, 0.21719700, -0.95607197]
  cam_t_m2c: [-26.37085393, -38.90623621, 958.78446505]
  obj_bb: [283, 200, 56, 49]
  obj_id: 9
109:
- cam_R_m2c: [0.80395901, 0.59388602, -0.03081530, 0.56485200, -0.77880800, -0.27276200, -0.18598901, 0.20188400, -0.96158803]
  cam_t_m2c: [-30.26961996, -42.85884632, 953.57965485]
  obj_bb: [280, 197, 57, 50]
  obj_id: 9
110:
- cam_R_m2c: [0.78876102, 0.61444199, -0.01780620, 0.59630001, -0.77186400, -0.22057100, -0.14927199, 0.16336000, -0.97520798]
  cam_t_m2c: [0.43601139, -11.36710772, 934.54540286]
  obj_bb: [298, 214, 56, 51]
  obj_id: 9
111:
- cam_R_m2c: [0.67015600, 0.74211001, -0.01277770, 0.73436701, -0.66546398, -0.13365100, -0.10768700, 0.08018330, -0.99094599]
  cam_t_m2c: [-71.13984900, -52.84580489, 963.74956779]
  obj_bb: [259, 187, 52, 54]
  obj_id: 9
112:
- cam_R_m2c: [0.79663301, 0.59423900, -0.11070900, 0.44877601, -0.70414197, -0.55025899, -0.40494001, 0.38867101, -0.82762200]
  cam_t_m2c: [44.87782570, -86.99016159, 1007.39353321]
  obj_bb: [325, 174, 54, 50]
  obj_id: 9
113:
- cam_R_m2c: [0.80806702, 0.56857800, -0.15410000, 0.32088700, -0.64421397, -0.69427699, -0.49402401, 0.51157302, -0.70301700]
  cam_t_m2c: [53.11555444, -36.39866513, 994.34210859]
  obj_bb: [330, 200, 56, 53]
  obj_id: 9
114:
- cam_R_m2c: [0.71463197, 0.66521400, -0.21631600, 0.20779601, -0.49716800, -0.84240401, -0.66792399, 0.55705899, -0.49352100]
  cam_t_m2c: [209.36506490, -11.48529422, 980.29860787]
  obj_bb: [421, 212, 58, 55]
  obj_id: 9
115:
- cam_R_m2c: [0.65940797, 0.74008101, -0.13214000, 0.33579299, -0.44720700, -0.82900500, -0.67262501, 0.50228101, -0.54340601]
  cam_t_m2c: [111.31709971, -28.94454749, 1009.47789003]
  obj_bb: [364, 204, 52, 54]
  obj_id: 9
116:
- cam_R_m2c: [0.76022601, 0.61769998, -0.20125400, 0.13662200, -0.45486599, -0.88001800, -0.63513100, 0.64151698, -0.43019199]
  cam_t_m2c: [119.78232413, -23.77442491, 981.83380577]
  obj_bb: [369, 204, 58, 55]
  obj_id: 9
117:
- cam_R_m2c: [0.77253699, 0.60145801, -0.20355800, 0.11162900, -0.44423100, -0.88893002, -0.62508100, 0.66400802, -0.41032499]
  cam_t_m2c: [101.79920769, -51.16174709, 974.92144751]
  obj_bb: [359, 188, 58, 55]
  obj_id: 9
118:
- cam_R_m2c: [0.79147398, 0.57122701, -0.21741199, 0.06963900, -0.43767601, -0.89643198, -0.60722202, 0.69436198, -0.38618901]
  cam_t_m2c: [83.45701079, -79.01874513, 968.50557554]
  obj_bb: [349, 170, 58, 56]
  obj_id: 9
119:
- cam_R_m2c: [0.84808898, 0.48949999, -0.20281900, 0.08706500, -0.50632298, -0.85793698, -0.52265197, 0.70994800, -0.47202501]
  cam_t_m2c: [99.63918637, -72.74420951, 925.88220820]
  obj_bb: [358, 171, 63, 59]
  obj_id: 9
120:
- cam_R_m2c: [0.86397302, 0.46526399, -0.19256300, 0.09827710, -0.53087199, -0.84173501, -0.49385500, 0.70831102, -0.50438303]
  cam_t_m2c: [94.12828803, -87.89227015, 918.15311219]
  obj_bb: [355, 161, 63, 59]
  obj_id: 9
121:
- cam_R_m2c: [0.85601801, 0.47541800, -0.20300500, 0.00602898, -0.40185601, -0.91568297, -0.51691097, 0.78261697, -0.34686199]
  cam_t_m2c: [160.23573064, 40.82506218, 1023.03544745]
  obj_bb: [388, 242, 59, 52]
  obj_id: 9
122:
- cam_R_m2c: [0.91484803, 0.35128301, -0.19913299, -0.06604860, -0.35632801, -0.93202400, -0.39836100, 0.86581200, -0.30278400]
  cam_t_m2c: [82.35810736, -8.99169614, 996.49490447]
  obj_bb: [346, 212, 59, 54]
  obj_id: 9
123:
- cam_R_m2c: [0.93065798, 0.33500999, -0.14712100, -0.01973990, -0.35553300, -0.93445498, -0.36535800, 0.87256199, -0.32426700]
  cam_t_m2c: [19.09580861, -66.90271340, 1005.49886831]
  obj_bb: [309, 179, 59, 53]
  obj_id: 9
124:
- cam_R_m2c: [0.80656803, 0.57237500, -0.14777000, 0.09348610, -0.37033299, -0.92418301, -0.58370298, 0.73160201, -0.35220799]
  cam_t_m2c: [15.88605679, -96.19537661, 973.03223842]
  obj_bb: [309, 160, 57, 55]
  obj_id: 9
125:
- cam_R_m2c: [0.97686201, -0.04667270, -0.20871601, -0.21180101, -0.34657699, -0.91379702, -0.02968690, 0.93686002, -0.34844300]
  cam_t_m2c: [172.22717788, 9.19904032, 1010.75444889]
  obj_bb: [395, 223, 60, 54]
  obj_id: 9
126:
- cam_R_m2c: [0.83976299, -0.14698300, -0.52267897, -0.54272097, -0.19914600, -0.81596202, 0.01584320, 0.96888399, -0.24700600]
  cam_t_m2c: [58.95894093, 19.04136640, 1008.07818712]
  obj_bb: [337, 228, 57, 58]
  obj_id: 9
127:
- cam_R_m2c: [0.85394502, -0.16282400, -0.49423200, -0.52029699, -0.25207600, -0.81593400, 0.00826975, 0.95391101, -0.29997599]
  cam_t_m2c: [27.57730122, 0.06568400, 1011.12156058]
  obj_bb: [319, 217, 57, 58]
  obj_id: 9
128:
- cam_R_m2c: [0.87027001, -0.05926000, -0.48899701, -0.48719600, -0.24985400, -0.83678699, -0.07258980, 0.96646798, -0.24631201]
  cam_t_m2c: [-32.78415514, 20.89654086, 1000.36692200]
  obj_bb: [284, 229, 59, 58]
  obj_id: 9
129:
- cam_R_m2c: [0.76435500, -0.08899450, 0.63862503, 0.44787699, -0.63923103, -0.62513202, 0.46386200, 0.76384801, -0.44874099]
  cam_t_m2c: [-58.61352863, 24.60553523, 927.69287018]
  obj_bb: [252, 237, 67, 54]
  obj_id: 9
130:
- cam_R_m2c: [0.76706702, -0.09090900, 0.63509297, 0.42977899, -0.66215700, -0.61387098, 0.47633800, 0.74383003, -0.46884799]
  cam_t_m2c: [-35.74813460, -10.97570456, 923.21378806]
  obj_bb: [266, 215, 67, 54]
  obj_id: 9
131:
- cam_R_m2c: [0.78461099, -0.32364699, 0.52880800, 0.20730799, -0.66688401, -0.71574301, 0.58430201, 0.67120701, -0.45615000]
  cam_t_m2c: [-37.91244886, -114.79070418, 772.52794210]
  obj_bb: [254, 129, 79, 69]
  obj_id: 9
132:
- cam_R_m2c: [0.80982202, -0.27474499, 0.51836598, 0.23503500, -0.65762597, -0.71574199, 0.53753698, 0.70145798, -0.46798599]
  cam_t_m2c: [39.02552186, -115.43631449, 946.54416065]
  obj_bb: [313, 150, 65, 55]
  obj_id: 9
133:
- cam_R_m2c: [0.78255397, -0.28003401, 0.55604899, 0.27302399, -0.64831197, -0.71073902, 0.55952400, 0.70800602, -0.43088299]
  cam_t_m2c: [33.15245470, -115.07738065, 928.44527492]
  obj_bb: [309, 148, 66, 57]
  obj_id: 9
134:
- cam_R_m2c: [0.80193502, -0.36448699, 0.47333801, 0.14263900, -0.65258199, -0.74417102, 0.58013201, 0.66429400, -0.47133899]
  cam_t_m2c: [-17.57207025, -161.56452070, 908.52954279]
  obj_bb: [278, 116, 66, 59]
  obj_id: 9
135:
- cam_R_m2c: [0.80206603, -0.35956699, 0.47686699, 0.20336300, -0.58631700, -0.78413999, 0.56154603, 0.72590899, -0.39714199]
  cam_t_m2c: [47.32765562, -133.13783192, 938.99274998]
  obj_bb: [319, 137, 64, 57]
  obj_id: 9
136:
- cam_R_m2c: [0.84590101, -0.13219400, 0.51669699, 0.36603501, -0.56072199, -0.74270397, 0.38790500, 0.81738400, -0.42592701]
  cam_t_m2c: [135.21824348, -141.18231579, 947.10220499]
  obj_bb: [371, 133, 65, 59]
  obj_id: 9
137:
- cam_R_m2c: [0.83777398, -0.17105700, 0.51853102, 0.34230500, -0.57533300, -0.74284500, 0.42539701, 0.79983199, -0.42344499]
  cam_t_m2c: [46.02745096, -162.63255912, 880.73309034]
  obj_bb: [317, 111, 70, 63]
  obj_id: 9
138:
- cam_R_m2c: [0.88391602, -0.17117600, 0.43519101, 0.28900501, -0.53166598, -0.79611999, 0.36765301, 0.82947600, -0.42047700]
  cam_t_m2c: [17.95216477, -117.82229919, 900.37544761]
  obj_bb: [300, 142, 68, 61]
  obj_id: 9
139:
- cam_R_m2c: [0.88603097, -0.17855500, 0.42786399, 0.25635999, -0.58026302, -0.77302903, 0.38630199, 0.79461497, -0.46835700]
  cam_t_m2c: [60.38657624, -171.18063064, 941.66588702]
  obj_bb: [327, 114, 65, 58]
  obj_id: 9
140:
- cam_R_m2c: [0.90489000, -0.15543200, 0.39625099, 0.28896299, -0.45921299, -0.84001398, 0.31252900, 0.87462199, -0.37062401]
  cam_t_m2c: [4.95284821, -39.09533587, 934.93531380]
  obj_bb: [293, 194, 66, 58]
  obj_id: 9
141:
- cam_R_m2c: [0.79677999, -0.40557799, 0.44793800, 0.18105800, -0.54698998, -0.81732500, 0.57650602, 0.73233098, -0.36239800]
  cam_t_m2c: [-58.71126129, -68.16542566, 828.93182196]
  obj_bb: [245, 168, 72, 64]
  obj_id: 9
142:
- cam_R_m2c: [0.76966900, -0.42579201, 0.47572100, 0.18851601, -0.56033599, -0.80652702, 0.60997599, 0.71043998, -0.35100499]
  cam_t_m2c: [-5.02700528, -93.91913048, 943.05614609]
  obj_bb: [287, 161, 63, 57]
  obj_id: 9
143:
- cam_R_m2c: [0.83844203, -0.45683900, 0.29717600, 0.00193802, -0.54278302, -0.83986998, 0.54498798, 0.70475799, -0.45420700]
  cam_t_m2c: [-138.88658618, -27.01914542, 910.37168734]
  obj_bb: [203, 200, 65, 58]
  obj_id: 9
144:
- cam_R_m2c: [0.87402701, -0.37715399, 0.30632001, -0.00319891, -0.63489902, -0.77258801, 0.48586699, 0.67428303, -0.55612600]
  cam_t_m2c: [-77.66204040, -85.41041556, 935.17884570]
  obj_bb: [244, 165, 63, 57]
  obj_id: 9
145:
- cam_R_m2c: [0.78326201, -0.54294199, 0.30284300, -0.14161099, -0.63013703, -0.76346201, 0.60534799, 0.55510497, -0.57044899]
  cam_t_m2c: [-152.58733029, -6.55689883, 900.78862246]
  obj_bb: [193, 213, 64, 59]
  obj_id: 9
146:
- cam_R_m2c: [0.80486298, -0.55531198, 0.20934200, -0.24164400, -0.62883800, -0.73903400, 0.54203701, 0.54423398, -0.64031601]
  cam_t_m2c: [-88.95802805, -43.07010546, 924.65372835]
  obj_bb: [238, 190, 60, 59]
  obj_id: 9
147:
- cam_R_m2c: [0.77779198, -0.55794001, 0.28938299, -0.20529200, -0.66068500, -0.72204697, 0.59404898, 0.50219399, -0.62841600]
  cam_t_m2c: [-73.43137585, -120.36386709, 902.94758485]
  obj_bb: [245, 140, 62, 59]
  obj_id: 9
148:
- cam_R_m2c: [0.80815798, -0.50212198, 0.30782199, -0.10972000, -0.64185399, -0.75893700, 0.57865602, 0.57956702, -0.57381201]
  cam_t_m2c: [-22.04997851, -80.08630496, 928.32389095]
  obj_bb: [278, 168, 62, 57]
  obj_id: 9
149:
- cam_R_m2c: [0.79654902, -0.60441297, -0.01395760, -0.51830000, -0.67081100, -0.53045100, 0.31124899, 0.42976400, -0.84760100]
  cam_t_m2c: [-1.55920570, -22.90968591, 1062.67303023]
  obj_bb: [299, 209, 51, 50]
  obj_id: 9
150:
- cam_R_m2c: [0.76694298, -0.64170998, -0.00274635, -0.56338602, -0.67127299, -0.48165199, 0.30723700, 0.37094700, -0.87635797]
  cam_t_m2c: [-0.59439150, -72.27522011, 1013.88642456]
  obj_bb: [299, 179, 52, 53]
  obj_id: 9
151:
- cam_R_m2c: [0.69558001, -0.71842599, 0.00560998, -0.65039700, -0.63299298, -0.41988400, 0.30520701, 0.28841400, -0.90755999]
  cam_t_m2c: [-17.14740600, -67.60993684, 978.13112131]
  obj_bb: [289, 178, 52, 56]
  obj_id: 9
152:
- cam_R_m2c: [0.56170499, -0.82488400, -0.06366550, -0.80237001, -0.52437598, -0.28501400, 0.20171900, 0.21117701, -0.95640701]
  cam_t_m2c: [5.05984523, -20.66670883, 987.93920426]
  obj_bb: [305, 204, 48, 57]
  obj_id: 9
153:
- cam_R_m2c: [0.57271498, -0.81915498, 0.03133020, -0.74739999, -0.53748399, -0.39051801, 0.33673400, 0.20023900, -0.92006201]
  cam_t_m2c: [-54.26451154, -114.39535094, 937.10306312]
  obj_bb: [267, 144, 50, 62]
  obj_id: 9
154:
- cam_R_m2c: [0.60142899, -0.79262102, 0.10017200, -0.70947701, -0.58752501, -0.38917500, 0.36732200, 0.16299200, -0.91570097]
  cam_t_m2c: [-60.40198251, -158.67959566, 900.24736047]
  obj_bb: [259, 113, 53, 64]
  obj_id: 9
155:
- cam_R_m2c: [0.61083502, -0.78578502, 0.09706840, -0.68097699, -0.58394998, -0.44189700, 0.40391901, 0.20382500, -0.89179897]
  cam_t_m2c: [-60.50396384, -148.94612672, 901.59232183]
  obj_bb: [259, 120, 54, 63]
  obj_id: 9
156:
- cam_R_m2c: [0.65074098, -0.75599599, 0.07074690, -0.60517699, -0.57266998, -0.55300099, 0.45858100, 0.31704599, -0.83017200]
  cam_t_m2c: [-24.52439074, -107.75812124, 915.56167728]
  obj_bb: [282, 149, 54, 61]
  obj_id: 9
157:
- cam_R_m2c: [0.67345899, -0.73245299, 0.09983090, -0.55570501, -0.59068698, -0.58504802, 0.48748901, 0.33852899, -0.80483103]
  cam_t_m2c: [-14.00835957, -127.72713335, 921.02495394]
  obj_bb: [288, 137, 53, 61]
  obj_id: 9
158:
- cam_R_m2c: [0.65151900, -0.75131500, 0.10511200, -0.54863000, -0.56231600, -0.61871302, 0.52395499, 0.34543601, -0.77855301]
  cam_t_m2c: [-28.89721658, -151.52450811, 909.76830122]
  obj_bb: [278, 120, 54, 62]
  obj_id: 9
159:
- cam_R_m2c: [0.62308103, -0.77971202, 0.06179470, -0.51889700, -0.47118700, -0.71325201, 0.58524799, 0.41234899, -0.69817799]
  cam_t_m2c: [-72.20024897, 0.32368156, 895.76143763]
  obj_bb: [251, 215, 55, 64]
  obj_id: 9
160:
- cam_R_m2c: [0.98112398, -0.07470370, -0.17836501, -0.18096200, -0.67985499, -0.71066803, -0.06817290, 0.72953099, -0.68054098]
  cam_t_m2c: [90.58278532, 103.80948789, 907.75366312]
  obj_bb: [351, 284, 66, 57]
  obj_id: 9
161:
- cam_R_m2c: [0.99405801, 0.00521805, -0.10872800, -0.06798920, -0.75028503, -0.65761000, -0.08500800, 0.66109401, -0.74547201]
  cam_t_m2c: [80.78398019, 54.22095747, 887.90281532]
  obj_bb: [345, 254, 66, 57]
  obj_id: 9
162:
- cam_R_m2c: [0.99952900, -0.00070109, -0.03069620, -0.01717790, -0.84140700, -0.54012799, -0.02544930, 0.54040098, -0.84102303]
  cam_t_m2c: [41.19428487, 71.72728608, 881.92110028]
  obj_bb: [319, 268, 66, 53]
  obj_id: 9
163:
- cam_R_m2c: [0.99916601, 0.00282101, -0.04073810, -0.01896820, -0.85139602, -0.52418101, -0.03616300, 0.52451599, -0.85063201]
  cam_t_m2c: [29.88680177, 69.03670443, 883.13993434]
  obj_bb: [312, 266, 66, 53]
  obj_id: 9
164:
- cam_R_m2c: [0.99990100, -0.01079210, -0.00906043, -0.01375250, -0.88751298, -0.46057799, -0.00307064, 0.46065700, -0.88757300]
  cam_t_m2c: [12.50551070, 89.57603754, 873.19608823]
  obj_bb: [300, 282, 67, 50]
  obj_id: 9
165:
- cam_R_m2c: [0.99407399, -0.09979290, -0.04310300, -0.10660200, -0.97253799, -0.20689701, -0.02127240, 0.21026599, -0.97741300]
  cam_t_m2c: [15.95805788, 26.33125674, 849.86992384]
  obj_bb: [302, 238, 68, 50]
  obj_id: 9
166:
- cam_R_m2c: [0.99087000, -0.12306600, -0.05505260, -0.12980500, -0.98118103, -0.14294700, -0.03642470, 0.14878801, -0.98819798]
  cam_t_m2c: [31.68656760, -9.53471026, 846.55901137]
  obj_bb: [312, 213, 69, 51]
  obj_id: 9
167:
- cam_R_m2c: [0.98714399, -0.15630700, -0.03340340, -0.15843301, -0.98450398, -0.07517200, -0.02113590, 0.07949770, -0.99661100]
  cam_t_m2c: [14.87707405, -14.65405779, 843.90907276]
  obj_bb: [301, 208, 69, 51]
  obj_id: 9
168:
- cam_R_m2c: [0.98460299, 0.15685900, -0.07715500, 0.11880800, -0.92423803, -0.36286300, -0.12822799, 0.34810999, -0.92864299]
  cam_t_m2c: [-36.45399099, -74.18676617, 912.03880788]
  obj_bb: [272, 176, 64, 50]
  obj_id: 9
169:
- cam_R_m2c: [0.96409398, 0.23954600, -0.11463000, 0.16234200, -0.87323803, -0.45945600, -0.21016100, 0.42434901, -0.88077199]
  cam_t_m2c: [-33.53589362, -81.86492547, 895.38390245]
  obj_bb: [274, 169, 65, 53]
  obj_id: 9
170:
- cam_R_m2c: [0.95577198, 0.23903300, -0.17135499, 0.09164150, -0.79566401, -0.59876502, -0.27946600, 0.55658001, -0.78237897]
  cam_t_m2c: [-11.14402873, -42.32647092, 918.55122076]
  obj_bb: [289, 194, 64, 54]
  obj_id: 9
171:
- cam_R_m2c: [0.93280101, -0.26249701, -0.24693500, -0.33010301, -0.89727199, -0.29314801, -0.14461800, 0.35496300, -0.92362702]
  cam_t_m2c: [23.47136085, 4.92141273, 836.76032898]
  obj_bb: [310, 225, 70, 51]
  obj_id: 9
172:
- cam_R_m2c: [0.96323103, -0.09862280, -0.24992000, -0.20369101, -0.87463802, -0.43990800, -0.17520501, 0.47464001, -0.86256599]
  cam_t_m2c: [-9.08708359, -1.34177410, 913.41121218]
  obj_bb: [291, 221, 65, 51]
  obj_id: 9
173:
- cam_R_m2c: [0.90151000, -0.10762000, -0.41916201, -0.41575700, -0.48420101, -0.76986700, -0.12010500, 0.86831301, -0.48125601]
  cam_t_m2c: [127.96797413, -72.00705495, 921.53300293]
  obj_bb: [378, 170, 65, 62]
  obj_id: 9
174:
- cam_R_m2c: [0.89282900, -0.15263100, -0.42374501, -0.43817100, -0.51206702, -0.73877901, -0.10422500, 0.84527600, -0.52406597]
  cam_t_m2c: [108.38071012, -15.75044948, 863.71032050]
  obj_bb: [369, 204, 68, 65]
  obj_id: 9
175:
