0:
- cam_R_m2c: [-0.17364800, 0.98390597, -0.04214120, 0.75524700, 0.10558600, -0.64687997, -0.63201898, -0.14415599, -0.76142699]
  cam_t_m2c: [50.67262966, 31.43605346, 1048.43766246]
  obj_bb: [328, 220, 51, 58]
  obj_id: 7
1:
- cam_R_m2c: [-0.05851920, 0.99084800, -0.12164000, 0.81938601, -0.02192890, -0.57282299, -0.57024801, -0.13319100, -0.81060302]
  cam_t_m2c: [65.26053372, -45.23594304, 991.76974252]
  obj_bb: [335, 174, 54, 62]
  obj_id: 7
2:
- cam_R_m2c: [-0.05120520, 0.98932302, -0.13644700, 0.83688098, -0.03205070, -0.54644603, -0.54498500, -0.14217100, -0.82630402]
  cam_t_m2c: [58.29638868, -56.34274930, 896.78113475]
  obj_bb: [331, 160, 60, 69]
  obj_id: 7
3:
- cam_R_m2c: [-0.00980546, 0.99184400, -0.12708300, 0.84704000, -0.05930450, -0.52821100, -0.53143901, -0.11282300, -0.83955002]
  cam_t_m2c: [12.10184443, -37.49746612, 801.53744682]
  obj_bb: [297, 163, 67, 79]
  obj_id: 7
4:
- cam_R_m2c: [-0.01164540, 0.99048698, -0.13711500, 0.84167999, -0.06432210, -0.53613102, -0.53985000, -0.12165100, -0.83292401]
  cam_t_m2c: [9.23011536, -25.75333634, 771.18375745]
  obj_bb: [294, 169, 69, 82]
  obj_id: 7
5:
- cam_R_m2c: [0.01189970, 0.99399799, -0.10875200, 0.85822999, -0.06596410, -0.50900900, -0.51312703, -0.08727700, -0.85386401]
  cam_t_m2c: [-30.10686251, -34.60575221, 703.06369796]
  obj_bb: [258, 154, 77, 91]
  obj_id: 7
6:
- cam_R_m2c: [0.04225050, 0.99876398, -0.02619210, 0.93644500, -0.04872500, -0.34741500, -0.34826201, -0.00984894, -0.93734503]
  cam_t_m2c: [58.40664930, -23.04158210, 1032.60992646]
  obj_bb: [332, 190, 52, 65]
  obj_id: 7
7:
- cam_R_m2c: [0.01531650, 0.99897599, -0.04256940, 0.93602997, -0.02929570, -0.35069999, -0.35158801, -0.03447470, -0.93551999]
  cam_t_m2c: [61.20008861, -24.39825062, 990.98304088]
  obj_bb: [333, 187, 55, 68]
  obj_id: 7
8:
- cam_R_m2c: [-0.00885380, 0.99781698, -0.06543870, 0.92960399, -0.01589990, -0.36821800, -0.36845499, -0.06409220, -0.92743403]
  cam_t_m2c: [62.85731356, -27.08301007, 884.35188687]
  obj_bb: [335, 178, 62, 76]
  obj_id: 7
9:
- cam_R_m2c: [0.04316230, 0.99513602, -0.08855590, 0.93586397, -0.07129920, -0.34507400, -0.34970900, -0.06798210, -0.93438900]
  cam_t_m2c: [20.67858012, -47.10118234, 792.29880566]
  obj_bb: [304, 156, 68, 85]
  obj_id: 7
10:
- cam_R_m2c: [0.01827200, 0.99385500, -0.10916700, 0.95540100, -0.04954280, -0.29112500, -0.29474401, -0.09897920, -0.95043600]
  cam_t_m2c: [24.55911372, -69.20282120, 695.00079806]
  obj_bb: [303, 125, 79, 99]
  obj_id: 7
11:
- cam_R_m2c: [-0.00070156, 0.99297702, -0.11830900, 0.95762098, -0.03340950, -0.28608599, -0.28802899, -0.11349600, -0.95087200]
  cam_t_m2c: [23.38633006, -66.24682882, 665.51494878]
  obj_bb: [301, 122, 83, 104]
  obj_id: 7
12:
- cam_R_m2c: [0.30185500, 0.95300603, -0.02573690, 0.85759503, -0.28322801, -0.42931700, -0.41643101, 0.10752000, -0.90278703]
  cam_t_m2c: [70.97204554, -62.97962595, 1048.88697997]
  obj_bb: [336, 168, 52, 61]
  obj_id: 7
13:
- cam_R_m2c: [0.29502800, 0.95416301, -0.05030420, 0.84024602, -0.28415099, -0.46178401, -0.45491201, 0.09397160, -0.88556498]
  cam_t_m2c: [88.78436413, -40.05292595, 995.89126039]
  obj_bb: [347, 178, 54, 63]
  obj_id: 7
14:
- cam_R_m2c: [0.30550501, 0.94700801, -0.09920670, 0.81893301, -0.31447801, -0.48005500, -0.48581401, 0.06541550, -0.87161100]
  cam_t_m2c: [111.61132751, -24.04933913, 886.33419872]
  obj_bb: [364, 180, 61, 71]
  obj_id: 7
15:
- cam_R_m2c: [0.33834499, 0.93437600, -0.11164600, 0.78524703, -0.34572199, -0.51367700, -0.51856500, 0.08613070, -0.85068899]
  cam_t_m2c: [77.70276540, -13.28947759, 796.77129111]
  obj_bb: [342, 181, 68, 78]
  obj_id: 7
16:
- cam_R_m2c: [0.26261199, 0.96450597, -0.02763440, 0.83958298, -0.24252599, -0.48608699, -0.47553599, 0.10445100, -0.87347299]
  cam_t_m2c: [23.30468512, -36.51653084, 674.81265333]
  obj_bb: [301, 149, 81, 95]
  obj_id: 7
17:
- cam_R_m2c: [-0.45720899, 0.88823903, -0.04463710, 0.76228702, 0.36553499, -0.53413701, -0.45812500, -0.27823800, -0.84421903]
  cam_t_m2c: [51.47340943, -45.72859783, 1048.86812457]
  obj_bb: [331, 178, 51, 57]
  obj_id: 7
18:
- cam_R_m2c: [-0.41346800, 0.90183198, -0.12547100, 0.78684998, 0.28456101, -0.54762298, -0.45816001, -0.32515100, -0.82726401]
  cam_t_m2c: [64.71609025, -43.24297089, 1003.63954639]
  obj_bb: [337, 176, 53, 60]
  obj_id: 7
19:
- cam_R_m2c: [-0.35464701, 0.92233902, -0.15335201, 0.83276099, 0.23701499, -0.50033301, -0.42513001, -0.30514699, -0.85214400]
  cam_t_m2c: [47.68580096, -82.75791334, 958.92955613]
  obj_bb: [326, 149, 56, 64]
  obj_id: 7
20:
- cam_R_m2c: [-0.24179000, 0.95236701, -0.18583301, 0.85466403, 0.11834600, -0.50551301, -0.45944199, -0.28105301, -0.84256899]
  cam_t_m2c: [15.08466305, -47.55834448, 903.63457548]
  obj_bb: [303, 165, 59, 71]
  obj_id: 7
21:
- cam_R_m2c: [-0.21732500, 0.94535202, -0.24306101, 0.85812002, 0.06636530, -0.50914198, -0.46518800, -0.31922501, -0.82564801]
  cam_t_m2c: [27.79965891, -45.01151286, 867.37577374]
  obj_bb: [309, 164, 61, 73]
  obj_id: 7
22:
- cam_R_m2c: [-0.09699810, 0.96007103, -0.26240301, 0.89847898, -0.02895360, -0.43805999, -0.42816600, -0.27825499, -0.85979497]
  cam_t_m2c: [-18.95419205, -65.19821261, 800.06959633]
  obj_bb: [272, 143, 67, 82]
  obj_id: 7
23:
- cam_R_m2c: [-0.04418570, 0.95082599, -0.30655801, 0.90303099, -0.09323390, -0.41933501, -0.42729601, -0.29536000, -0.85450602]
  cam_t_m2c: [-25.01701175, -53.30137979, 754.81341408]
  obj_bb: [263, 146, 71, 88]
  obj_id: 7
24:
- cam_R_m2c: [0.02203680, 0.93644702, -0.35011601, 0.90494001, -0.16754401, -0.39116800, -0.42496800, -0.30821401, -0.85112101]
  cam_t_m2c: [-45.76840956, -47.13884442, 696.18255467]
  obj_bb: [239, 144, 80, 95]
  obj_id: 7
25:
- cam_R_m2c: [0.09010760, 0.98627299, -0.13837200, 0.83405399, -0.15065800, -0.53071201, -0.54427397, -0.06758840, -0.83618098]
  cam_t_m2c: [-55.08082494, -78.16628184, 697.59952426]
  obj_bb: [235, 118, 76, 88]
  obj_id: 7
26:
- cam_R_m2c: [-0.10363000, 0.98919302, -0.10371600, 0.96305799, 0.07373620, -0.25900301, -0.24855600, -0.12672500, -0.96029198]
  cam_t_m2c: [70.65788458, -123.31917984, 1040.07547935]
  obj_bb: [338, 134, 52, 66]
  obj_id: 7
27:
- cam_R_m2c: [-0.11275500, 0.98962200, -0.08907650, 0.96043801, 0.08557510, -0.26502100, -0.25464800, -0.11543500, -0.96011901]
  cam_t_m2c: [52.64819797, -105.29117764, 994.88030577]
  obj_bb: [328, 140, 55, 68]
  obj_id: 7
28:
- cam_R_m2c: [-0.30696201, 0.95092303, -0.03898340, 0.91899699, 0.28550899, -0.27189800, -0.24742401, -0.11928800, -0.96153599]
  cam_t_m2c: [62.90298683, -113.15075606, 887.82711670]
  obj_bb: [338, 122, 62, 75]
  obj_id: 7
29:
- cam_R_m2c: [-0.06683760, 0.99254400, -0.10192900, 0.95519602, 0.03413050, -0.29399899, -0.28832799, -0.11701200, -0.95035499]
  cam_t_m2c: [-6.36213842, -85.50462850, 794.46109255]
  obj_bb: [284, 128, 68, 86]
  obj_id: 7
30:
- cam_R_m2c: [0.01791460, 0.99641299, -0.08270370, 0.99754602, -0.02341170, -0.06598390, -0.06768350, -0.08131870, -0.99438697]
  cam_t_m2c: [34.81912579, -101.81140669, 952.21073516]
  obj_bb: [316, 140, 58, 74]
  obj_id: 7
31:
- cam_R_m2c: [0.02857260, 0.99352300, -0.10998100, 0.99263197, -0.04116220, -0.11396000, -0.11774900, -0.10591500, -0.98737901]
  cam_t_m2c: [34.21643058, -78.69970018, 913.25105283]
  obj_bb: [315, 150, 60, 76]
  obj_id: 7
32:
- cam_R_m2c: [0.03269950, 0.99760097, -0.06101770, 0.98863000, -0.04124980, -0.14459901, -0.14676900, -0.05559560, -0.98760700]
  cam_t_m2c: [15.33674511, -74.85968312, 995.45891927]
  obj_bb: [306, 159, 54, 70]
  obj_id: 7
33:
- cam_R_m2c: [0.04732740, 0.99750799, -0.05231710, 0.98779202, -0.05451990, -0.14592600, -0.14841500, -0.04477210, -0.98791099]
  cam_t_m2c: [7.21666336, -77.21754257, 1005.59702767]
  obj_bb: [301, 159, 54, 69]
  obj_id: 7
34:
- cam_R_m2c: [-0.00014205, 0.99571502, -0.09247790, 0.98720700, -0.01460540, -0.15877400, -0.15944400, -0.09131740, -0.98297399]
  cam_t_m2c: [46.78462940, -75.49488668, 883.05611467]
  obj_bb: [324, 148, 62, 79]
  obj_id: 7
35:
- cam_R_m2c: [-0.15770300, 0.98553503, -0.06205640, 0.97477001, 0.14531200, -0.16943599, -0.15796800, -0.08721130, -0.98358500]
  cam_t_m2c: [49.85635691, -84.51208454, 789.81405689]
  obj_bb: [328, 129, 70, 88]
  obj_id: 7
36:
- cam_R_m2c: [0.00495515, 0.99452800, -0.10435000, 0.98425400, -0.02328860, -0.17521900, -0.17669000, -0.10183800, -0.97898400]
  cam_t_m2c: [17.27900471, -78.99518446, 742.06791328]
  obj_bb: [299, 126, 74, 95]
  obj_id: 7
37:
- cam_R_m2c: [0.09692370, 0.98272002, -0.15769200, 0.97669899, -0.12439300, -0.17488800, -0.19148199, -0.13706701, -0.97187799]
  cam_t_m2c: [12.52195585, -67.51023846, 694.21399746]
  obj_bb: [291, 128, 78, 101]
  obj_id: 7
38:
- cam_R_m2c: [0.19903000, 0.97211498, -0.12401800, 0.67591000, -0.22780199, -0.70089298, -0.70959997, 0.05567400, -0.70240200]
  cam_t_m2c: [12.58620322, 25.93348889, 1054.96755952]
  obj_bb: [303, 218, 50, 58]
  obj_id: 7
39:
- cam_R_m2c: [0.23719200, 0.92462200, -0.29801601, 0.63770300, -0.37961599, -0.67024302, -0.73285401, -0.03106950, -0.67967600]
  cam_t_m2c: [55.37444136, -9.51838396, 1001.44995212]
  obj_bb: [323, 197, 52, 61]
  obj_id: 7
40:
- cam_R_m2c: [-0.08594710, 0.99596697, 0.02576400, 0.75916898, 0.08221530, -0.64568001, -0.64519399, -0.03593510, -0.76317298]
  cam_t_m2c: [47.06187501, -79.30365579, 899.78951322]
  obj_bb: [327, 146, 60, 69]
  obj_id: 7
41:
- cam_R_m2c: [-0.34550500, 0.90707397, 0.24050599, 0.73596901, 0.42092600, -0.53025502, -0.58221602, -0.00620088, -0.81300998]
  cam_t_m2c: [55.13379384, -101.60081410, 798.10793561]
  obj_bb: [341, 118, 67, 76]
  obj_id: 7
42:
- cam_R_m2c: [0.15347999, 0.98337001, -0.09709370, 0.78613901, -0.18104400, -0.59093797, -0.59868902, 0.01436810, -0.80085301]
  cam_t_m2c: [5.27863619, 2.56682404, 1029.65820140]
  obj_bb: [299, 203, 52, 60]
  obj_id: 7
43:
- cam_R_m2c: [0.19751300, 0.97851598, -0.05912380, 0.84733200, -0.20074099, -0.49166200, -0.49296799, 0.04701220, -0.86877602]
  cam_t_m2c: [5.77541925, -65.55577026, 999.83254439]
  obj_bb: [299, 163, 54, 63]
  obj_id: 7
44:
- cam_R_m2c: [-0.02949960, 0.99820697, 0.05208490, 0.90081102, 0.04913230, -0.43142200, -0.43320799, 0.03419180, -0.90064502]
  cam_t_m2c: [41.38443061, -87.36548105, 894.94552077]
  obj_bb: [324, 139, 60, 73]
  obj_id: 7
45:
- cam_R_m2c: [-0.08783580, 0.98867297, 0.12169800, 0.90635002, 0.13000900, -0.40202999, -0.41329801, 0.07498850, -0.90750301]
  cam_t_m2c: [-5.55974797, -62.65625357, 707.35764151]
  obj_bb: [287, 131, 77, 94]
  obj_id: 7
46:
- cam_R_m2c: [-0.02898810, 0.99573803, 0.08755080, 0.89072901, 0.06547930, -0.44979301, -0.45360899, 0.06494540, -0.88883102]
  cam_t_m2c: [-14.25493116, -36.35112897, 698.26846921]
  obj_bb: [277, 152, 78, 94]
  obj_id: 7
47:
- cam_R_m2c: [-0.31397000, 0.93799800, -0.14691301, 0.78875202, 0.17156000, -0.59028602, -0.52848202, -0.30120999, -0.79371202]
  cam_t_m2c: [89.05315565, -6.46106172, 1047.25279968]
  obj_bb: [349, 199, 51, 58]
  obj_id: 7
48:
- cam_R_m2c: [-0.35026199, 0.92708898, -0.13350300, 0.78150398, 0.21069400, -0.58724803, -0.51630300, -0.31002399, -0.79832101]
  cam_t_m2c: [87.10554806, -12.92296676, 998.57804153]
  obj_bb: [349, 193, 54, 61]
  obj_id: 7
49:
- cam_R_m2c: [-0.62073803, 0.77533603, 0.11635200, 0.64047003, 0.58706599, -0.49512801, -0.45219699, -0.23282500, -0.86099398]
  cam_t_m2c: [71.37521861, -103.35055487, 892.20662951]
  obj_bb: [348, 130, 63, 68]
  obj_id: 7
50:
- cam_R_m2c: [-0.21479601, 0.97252601, -0.08975890, 0.84434700, 0.13872001, -0.51752800, -0.49085799, -0.18695000, -0.85094601]
  cam_t_m2c: [50.58320735, 8.01921798, 1051.07513954]
  obj_bb: [328, 207, 51, 61]
  obj_id: 7
51:
- cam_R_m2c: [-0.19902401, 0.97472799, -0.10146000, 0.80959898, 0.10519700, -0.57748002, -0.55221200, -0.19707400, -0.81007600]
  cam_t_m2c: [42.11320660, 43.79987835, 998.25608559]
  obj_bb: [322, 226, 54, 63]
  obj_id: 7
52:
- cam_R_m2c: [-0.48712599, 0.87023902, 0.07343850, 0.72794199, 0.45105100, -0.51638502, -0.48250201, -0.19808500, -0.85320199]
  cam_t_m2c: [45.71723487, -20.89472836, 897.39397025]
  obj_bb: [331, 183, 60, 66]
  obj_id: 7
53:
- cam_R_m2c: [-0.09908800, 0.97052097, -0.21970400, 0.85523802, -0.02980450, -0.51737702, -0.50867403, -0.23916499, -0.82707399]
  cam_t_m2c: [25.72215611, -9.51111513, 802.32393844]
  obj_bb: [306, 183, 66, 81]
  obj_id: 7
54:
- cam_R_m2c: [-0.19764800, 0.97184098, -0.12829500, 0.84752101, 0.10364600, -0.52054399, -0.49258900, -0.21161699, -0.84414101]
  cam_t_m2c: [-4.49768434, -13.80272126, 702.63082651]
  obj_bb: [281, 171, 77, 92]
  obj_id: 7
55:
- cam_R_m2c: [0.41644299, 0.90825403, 0.04062230, 0.83546400, -0.36468199, -0.41110399, -0.35857299, 0.20513999, -0.91068298]
  cam_t_m2c: [72.30050212, -49.66655247, 1045.68901869]
  obj_bb: [338, 176, 51, 61]
  obj_id: 7
56:
- cam_R_m2c: [0.40887201, 0.91181898, 0.03753820, 0.83241397, -0.35577500, -0.42486700, -0.37404701, 0.20496400, -0.90447700]
  cam_t_m2c: [77.07512006, -41.27508472, 1036.17356816]
  obj_bb: [341, 180, 51, 61]
  obj_id: 7
57:
- cam_R_m2c: [0.39175501, 0.91952997, 0.03150920, 0.84943098, -0.34830600, -0.39642099, -0.35354599, 0.18206500, -0.91752797]
  cam_t_m2c: [83.83345127, -54.72188743, 1002.22773600]
  obj_bb: [345, 170, 54, 64]
  obj_id: 7
58:
- cam_R_m2c: [0.30303600, 0.94857597, 0.09150140, 0.88432801, -0.24412300, -0.39795500, -0.35515299, 0.20151199, -0.91283000]
  cam_t_m2c: [71.92874368, -46.57555527, 982.28909113]
  obj_bb: [341, 173, 54, 67]
  obj_id: 7
59:
- cam_R_m2c: [0.07501840, 0.98518199, 0.15423401, 0.94112402, -0.01882090, -0.33753699, -0.32963300, 0.17047501, -0.92859101]
  cam_t_m2c: [92.44408366, -45.47943674, 895.75436005]
  obj_bb: [359, 167, 60, 76]
  obj_id: 7
60:
- cam_R_m2c: [0.09744150, 0.98588902, 0.13611899, 0.93586701, -0.04423400, -0.34956601, -0.33861199, 0.16145100, -0.92697102]
  cam_t_m2c: [98.34130485, -48.42717460, 852.38678113]
  obj_bb: [364, 161, 64, 79]
  obj_id: 7
61:
- cam_R_m2c: [0.29413500, 0.95570397, 0.01068730, 0.88453901, -0.26796299, -0.38182101, -0.36204401, 0.12176000, -0.92417401]
  cam_t_m2c: [104.07497628, -42.23322739, 798.27286137]
  obj_bb: [366, 160, 68, 83]
  obj_id: 7
62:
- cam_R_m2c: [0.50919503, 0.85785300, -0.06934350, 0.76277399, -0.48713699, -0.42529199, -0.39861700, 0.16366300, -0.90239602]
  cam_t_m2c: [59.99127778, -31.88282462, 723.14919800]
  obj_bb: [329, 161, 76, 85]
  obj_id: 7
63:
- cam_R_m2c: [0.19301100, 0.97514701, 0.10878600, 0.94893497, -0.15731700, -0.27344799, -0.24953800, 0.15600900, -0.95571500]
  cam_t_m2c: [65.62971204, -107.32067174, 691.95336537]
  obj_bb: [344, 92, 79, 99]
  obj_id: 7
64:
- cam_R_m2c: [0.22313400, 0.97416598, 0.03479790, 0.93482703, -0.20373400, -0.29084599, -0.27624300, 0.09742770, -0.95613700]
  cam_t_m2c: [61.40545814, -1.63967912, 1046.48573630]
  obj_bb: [333, 203, 52, 65]
  obj_id: 7
65:
- cam_R_m2c: [0.21951599, 0.97558999, -0.00613182, 0.93178803, -0.21151400, -0.29501399, -0.28910899, 0.05904660, -0.95547301]
  cam_t_m2c: [74.57656059, -4.80037494, 999.53455514]
  obj_bb: [340, 199, 55, 68]
  obj_id: 7
66:
- cam_R_m2c: [0.24594299, 0.96898103, 0.02423630, 0.90621001, -0.22099400, -0.36047801, -0.34394100, 0.11062000, -0.93245298]
  cam_t_m2c: [61.62167327, 17.86392182, 1000.99884913]
  obj_bb: [333, 212, 54, 67]
  obj_id: 7
67:
- cam_R_m2c: [0.32241899, 0.94488299, 0.05693800, 0.85432398, -0.26456001, -0.44736800, -0.40764701, 0.19288400, -0.89253598]
  cam_t_m2c: [40.75821945, 22.20819268, 1039.84546060]
  obj_bb: [321, 215, 52, 63]
  obj_id: 7
68:
- cam_R_m2c: [0.06144250, 0.99811101, -0.00026103, 0.91909701, -0.05668050, -0.38993299, -0.38921100, 0.02371850, -0.92084301]
  cam_t_m2c: [129.84331242, -20.49192600, 891.38992068]
  obj_bb: [380, 183, 62, 75]
  obj_id: 7
69:
- cam_R_m2c: [-0.06370020, 0.99785697, 0.01495800, 0.93981099, 0.06502320, -0.33544999, -0.33570299, -0.00731047, -0.94193900]
  cam_t_m2c: [150.79329263, -56.95432159, 781.14443691]
  obj_bb: [406, 147, 71, 87]
  obj_id: 7
70:
- cam_R_m2c: [-0.80598003, 0.57535702, -0.13914301, 0.54980701, 0.64053398, -0.53612298, -0.21933600, -0.50860602, -0.83259302]
  cam_t_m2c: [156.96662100, -17.52488177, 1041.28085658]
  obj_bb: [383, 195, 60, 57]
  obj_id: 7
71:
- cam_R_m2c: [-0.80887502, 0.56714600, -0.15513501, 0.54947102, 0.63519800, -0.54277498, -0.20929100, -0.52427900, -0.82542598]
  cam_t_m2c: [154.29879391, -16.32080832, 990.17145170]
  obj_bb: [384, 193, 63, 60]
  obj_id: 7
72:
- cam_R_m2c: [-0.86906201, 0.49416301, -0.02310780, 0.41578001, 0.70430702, -0.57539397, -0.26806301, -0.50966102, -0.81755000]
  cam_t_m2c: [94.93449869, 2.01315154, 896.08231575]
  obj_bb: [352, 200, 73, 67]
  obj_id: 7
73:
- cam_R_m2c: [-0.83761400, 0.54083300, -0.07682150, 0.48412201, 0.66981202, -0.56300801, -0.25303701, -0.50877398, -0.82287300]
  cam_t_m2c: [87.30711082, -16.77328838, 870.34702612]
  obj_bb: [348, 186, 73, 69]
  obj_id: 7
74:
- cam_R_m2c: [-0.68747801, 0.70275402, -0.18306100, 0.67911702, 0.53284699, -0.50485098, -0.25724301, -0.47139400, -0.84357202]
  cam_t_m2c: [36.38287943, -22.50842235, 801.79037983]
  obj_bb: [315, 175, 72, 74]
  obj_id: 7
75:
- cam_R_m2c: [-0.59622902, 0.76120901, -0.25509101, 0.77790898, 0.46926200, -0.41791201, -0.19841400, -0.44760901, -0.87193900]
  cam_t_m2c: [32.17872186, -63.95331675, 755.31287312]
  obj_bb: [312, 139, 73, 80]
  obj_id: 7
76:
- cam_R_m2c: [-0.43144199, 0.84122801, -0.32587400, 0.90094101, 0.38315400, -0.20371100, -0.04650760, -0.38148299, -0.92320502]
  cam_t_m2c: [8.83974821, -120.64579152, 660.79756929]
  obj_bb: [288, 73, 82, 103]
  obj_id: 7
77:
- cam_R_m2c: [-0.32367101, 0.94107699, -0.09803440, 0.65433502, 0.14779299, -0.74162197, -0.68343502, -0.30418900, -0.66361600]
  cam_t_m2c: [59.41307672, 2.84074080, 1054.94712533]
  obj_bb: [333, 205, 51, 59]
  obj_id: 7
78:
- cam_R_m2c: [-0.31940299, 0.93722200, -0.13998801, 0.68374199, 0.12565000, -0.71882498, -0.65610898, -0.32530999, -0.68095100]
  cam_t_m2c: [70.04739795, -18.34152627, 1005.50330607]
  obj_bb: [339, 191, 53, 62]
  obj_id: 7
79:
- cam_R_m2c: [-0.14512500, 0.90930402, -0.39000699, 0.71143001, -0.17804000, -0.67983001, -0.68760902, -0.37612301, -0.62106800]
  cam_t_m2c: [79.38965149, 27.34122321, 900.03519779]
  obj_bb: [340, 214, 59, 68]
  obj_id: 7
80:
- cam_R_m2c: [-0.01571680, 0.87984300, -0.47500500, 0.75752699, -0.29959401, -0.57999700, -0.65261400, -0.36894500, -0.66179597]
  cam_t_m2c: [38.47504986, 14.19192159, 794.49168227]
  obj_bb: [310, 201, 71, 77]
  obj_id: 7
81:
- cam_R_m2c: [-0.38203400, 0.91324002, -0.14157100, 0.73158199, 0.20525900, -0.65012002, -0.56465697, -0.35193899, -0.74652600]
  cam_t_m2c: [22.06931948, -27.62326565, 702.55503120]
  obj_bb: [305, 161, 77, 87]
  obj_id: 7
82:
- cam_R_m2c: [-0.11504200, 0.96586800, -0.23208600, 0.63169801, -0.10917800, -0.76748800, -0.76663101, -0.23490199, -0.59757698]
  cam_t_m2c: [72.95600297, -0.88832338, 1054.53854960]
  obj_bb: [337, 204, 49, 59]
  obj_id: 7
83:
- cam_R_m2c: [-0.11628700, 0.95742798, -0.26421300, 0.63595301, -0.13256000, -0.76025701, -0.76291603, -0.25643501, -0.59346497]
  cam_t_m2c: [70.67201491, 0.18099011, 1007.58263042]
  obj_bb: [335, 202, 52, 62]
  obj_id: 7
84:
- cam_R_m2c: [-0.03536030, 0.91851801, -0.39379400, 0.62881702, -0.28581300, -0.72311801, -0.77674901, -0.27319399, -0.56747401]
  cam_t_m2c: [75.98947733, 28.12322989, 904.55438583]
  obj_bb: [337, 216, 59, 68]
  obj_id: 7
85:
- cam_R_m2c: [-0.19312300, 0.97454798, -0.11384300, 0.64111102, 0.03750420, -0.76653099, -0.74275100, -0.22102100, -0.63203698]
  cam_t_m2c: [32.74159930, -10.27580084, 849.33406036]
  obj_bb: [315, 188, 63, 73]
  obj_id: 7
86:
- cam_R_m2c: [-0.29859099, 0.95300502, 0.05123540, 0.60312700, 0.23003000, -0.76375699, -0.73965001, -0.19715001, -0.64346802]
  cam_t_m2c: [23.03178408, -13.58523404, 807.33382890]
  obj_bb: [313, 184, 66, 76]
  obj_id: 7
87:
- cam_R_m2c: [-0.48866999, 0.85088098, 0.19288000, 0.54753399, 0.47120500, -0.69150001, -0.67927098, -0.23230700, -0.69615000]
  cam_t_m2c: [67.03042029, -19.59233144, 702.82157584]
  obj_bb: [354, 170, 76, 87]
  obj_id: 7
88:
- cam_R_m2c: [-0.09299540, 0.97596002, -0.19711199, 0.73123997, -0.06741470, -0.67878097, -0.67575097, -0.20726000, -0.70739198]
  cam_t_m2c: [127.83217591, -13.69338636, 1042.68463246]
  obj_bb: [368, 195, 51, 59]
  obj_id: 7
89:
- cam_R_m2c: [-0.17073201, 0.96559203, -0.19617100, 0.66664702, -0.03340500, -0.74462402, -0.72555602, -0.25790799, -0.63800597]
  cam_t_m2c: [142.52471249, 38.09838290, 989.77416823]
  obj_bb: [379, 223, 54, 62]
  obj_id: 7
90:
- cam_R_m2c: [0.37378401, 0.92665201, 0.04001150, 0.68704700, -0.24763800, -0.68311101, -0.62309802, 0.28282601, -0.72921699]
  cam_t_m2c: [60.68880590, 76.44608605, 1052.88864110]
  obj_bb: [331, 245, 51, 58]
  obj_id: 7
91:
- cam_R_m2c: [0.39350799, 0.91769600, 0.05463520, 0.77000201, -0.29654300, -0.56494200, -0.50224400, 0.26437899, -0.82331997]
  cam_t_m2c: [84.73122706, -29.37518201, 1004.98005882]
  obj_bb: [346, 184, 53, 60]
  obj_id: 7
92:
- cam_R_m2c: [0.25541401, 0.96016401, 0.11335500, 0.82716501, -0.15630899, -0.53978300, -0.50056201, 0.23163100, -0.83413702]
  cam_t_m2c: [108.42790838, -29.03957133, 898.06586087]
  obj_bb: [367, 177, 60, 70]
  obj_id: 7
93:
- cam_R_m2c: [0.19014899, 0.97462499, 0.11811100, 0.83283597, -0.09643260, -0.54505599, -0.51983500, 0.20200901, -0.83003902]
  cam_t_m2c: [105.34012585, -30.86991531, 795.98047288]
  obj_bb: [371, 168, 67, 78]
  obj_id: 7
94:
- cam_R_m2c: [0.07042260, 0.97550303, 0.20840800, 0.86546999, 0.04413050, -0.49901199, -0.49598500, 0.21551301, -0.84116203]
  cam_t_m2c: [67.57266493, -24.79378169, 701.87481950]
  obj_bb: [348, 162, 78, 92]
  obj_id: 7
95:
- cam_R_m2c: [0.01652860, 0.97533602, 0.22010601, 0.88799000, 0.08686150, -0.45158499, -0.45956600, 0.20291600, -0.86465299]
  cam_t_m2c: [67.44567954, -47.27015369, 659.84172646]
  obj_bb: [351, 137, 82, 99]
  obj_id: 7
96:
- cam_R_m2c: [0.40918899, 0.91217202, 0.02251750, 0.58207297, -0.24194700, -0.77630699, -0.70267701, 0.33076301, -0.62995303]
  cam_t_m2c: [121.38921637, 111.73848642, 1045.99501132]
  obj_bb: [365, 265, 50, 59]
  obj_id: 7
97:
- cam_R_m2c: [0.40423900, 0.91459697, 0.01011280, 0.61424702, -0.26326299, -0.74390399, -0.67771101, 0.30692700, -0.66821003]
  cam_t_m2c: [117.99859213, 73.13331471, 1003.66367025]
  obj_bb: [364, 244, 53, 61]
  obj_id: 7
98:
- cam_R_m2c: [0.38692501, 0.92182201, -0.02307090, 0.72126698, -0.31814301, -0.61527199, -0.57451099, 0.22142400, -0.78797698]
  cam_t_m2c: [55.51083842, -46.93231169, 682.77712674]
  obj_bb: [328, 143, 80, 90]
  obj_id: 7
99:
- cam_R_m2c: [0.11220100, 0.98128402, -0.15650199, 0.65677100, -0.19142400, -0.72938901, -0.74569601, -0.02094800, -0.66595697]
  cam_t_m2c: [277.13962794, 72.26514167, 1003.79070169]
  obj_bb: [454, 243, 55, 61]
  obj_id: 7
100:
- cam_R_m2c: [0.19327401, 0.95358700, -0.23090599, 0.66070002, -0.30048001, -0.68788600, -0.72534198, -0.01960910, -0.68810999]
  cam_t_m2c: [214.62224740, 39.92488302, 991.11324813]
  obj_bb: [417, 224, 55, 62]
  obj_id: 7
101:
- cam_R_m2c: [0.21681000, 0.94419199, -0.24798100, 0.65052301, -0.32914099, -0.68446100, -0.72788298, -0.01291950, -0.68557900]
  cam_t_m2c: [204.23372920, 41.68183592, 981.57372224]
  obj_bb: [411, 225, 56, 63]
  obj_id: 7
102:
- cam_R_m2c: [0.34615800, 0.91371000, -0.21286000, 0.63445902, -0.39512801, -0.66433102, -0.69111300, 0.09491250, -0.71648800]
  cam_t_m2c: [97.24158217, 36.23542432, 952.62133531]
  obj_bb: [349, 222, 56, 64]
  obj_id: 7
103:
- cam_R_m2c: [-0.02179650, 0.99786901, 0.06150350, 0.77551901, 0.05569950, -0.62886298, -0.63094801, 0.03399010, -0.77508003]
  cam_t_m2c: [126.16039322, 14.17294390, 895.86391360]
  obj_bb: [380, 205, 60, 68]
  obj_id: 7
104:
- cam_R_m2c: [-0.04165630, 0.99722099, 0.06176240, 0.78045702, 0.07107260, -0.62115699, -0.62382102, 0.02232770, -0.78124899]
  cam_t_m2c: [125.92080137, 8.70969496, 886.89901530]
  obj_bb: [380, 201, 61, 69]
  obj_id: 7
105:
- cam_R_m2c: [-0.05555600, 0.99447501, 0.08907200, 0.82368302, 0.09606960, -0.55885398, -0.56432301, 0.04231930, -0.82446897]
  cam_t_m2c: [105.42857891, -19.66869117, 798.72816746]
  obj_bb: [372, 176, 68, 78]
  obj_id: 7
106:
- cam_R_m2c: [0.27112600, 0.95783502, -0.09508770, 0.77207601, -0.27540499, -0.57275802, -0.57479602, 0.08187490, -0.81419098]
  cam_t_m2c: [47.54212861, -25.09129483, 728.56351879]
  obj_bb: [321, 166, 74, 83]
  obj_id: 7
107:
- cam_R_m2c: [0.37344500, 0.91549402, -0.14969499, 0.74173099, -0.39159799, -0.54450601, -0.55711198, 0.09230960, -0.82529098]
  cam_t_m2c: [21.30529369, -35.36572451, 703.41055566]
  obj_bb: [296, 155, 76, 86]
  obj_id: 7
108:
- cam_R_m2c: [-0.70027500, 0.66163701, -0.26805100, 0.68938100, 0.52925497, -0.49461299, -0.18538700, -0.53115499, -0.82674402]
  cam_t_m2c: [160.78471377, 34.28062458, 1039.70861921]
  obj_bb: [386, 222, 56, 56]
  obj_id: 7
109:
- cam_R_m2c: [-0.68519902, 0.69782102, -0.20868400, 0.68150800, 0.51315200, -0.52174902, -0.25700101, -0.49972200, -0.82718098]
  cam_t_m2c: [94.27899194, 63.28702430, 994.02717360]
  obj_bb: [351, 238, 58, 58]
  obj_id: 7
110:
- cam_R_m2c: [-0.83573401, 0.54653603, -0.05336060, 0.49831200, 0.71396899, -0.49186701, -0.23072501, -0.43766001, -0.86903399]
  cam_t_m2c: [68.12081747, -13.40745436, 896.01193255]
  obj_bb: [335, 190, 71, 65]
  obj_id: 7
111:
- cam_R_m2c: [-0.34598401, 0.93072802, -0.11849000, 0.92072302, 0.31251600, -0.23367199, -0.18045500, -0.18994300, -0.96506900]
  cam_t_m2c: [-21.61354783, -65.12565870, 1048.71960273]
  obj_bb: [287, 168, 52, 64]
  obj_id: 7
112:
- cam_R_m2c: [-0.31457999, 0.94236898, -0.11393500, 0.94440103, 0.29862300, -0.13758700, -0.09563350, -0.15088300, -0.98391497]
  cam_t_m2c: [-28.36756748, -105.06866642, 988.00579723]
  obj_bb: [281, 141, 54, 69]
  obj_id: 7
113:
- cam_R_m2c: [-0.51473701, 0.85204798, -0.09518600, 0.83930498, 0.47813100, -0.25876001, -0.17496499, -0.21308400, -0.96123999]
  cam_t_m2c: [9.73202480, -45.16169801, 898.88296554]
  obj_bb: [303, 169, 61, 71]
  obj_id: 7
114:
- cam_R_m2c: [-0.24695300, 0.94925201, -0.19476800, 0.94357097, 0.18979000, -0.27139199, -0.22065400, -0.25079799, -0.94255602]
  cam_t_m2c: [-12.95375700, -2.17086366, 799.99220158]
  obj_bb: [279, 190, 67, 86]
  obj_id: 7
115:
- cam_R_m2c: [-0.26258099, 0.92370301, -0.27897000, 0.95619202, 0.21032000, -0.20362400, -0.12941501, -0.32021701, -0.93846297]
  cam_t_m2c: [11.65690743, -49.32454230, 698.19608216]
  obj_bb: [291, 143, 77, 100]
  obj_id: 7
116:
- cam_R_m2c: [-0.44308400, 0.87120998, -0.21134999, 0.88832200, 0.39494199, -0.23432000, -0.12067100, -0.29157099, -0.94890702]
  cam_t_m2c: [26.33136728, -77.50562623, 737.62110817]
  obj_bb: [308, 126, 74, 90]
  obj_id: 7
117:
- cam_R_m2c: [-0.33961400, 0.93823600, 0.06615450, 0.92068899, 0.34599701, -0.18060400, -0.19233900, -0.00042803, -0.98132902]
  cam_t_m2c: [-157.96282763, -155.97582583, 1016.80754824]
  obj_bb: [210, 114, 54, 65]
  obj_id: 7
118:
- cam_R_m2c: [-0.42044300, 0.90731901, -0.00048740, 0.82826799, 0.38359201, -0.40844700, -0.37040499, -0.17213200, -0.91278201]
  cam_t_m2c: [-40.68372268, -24.49093378, 955.88677919]
  obj_bb: [275, 185, 57, 66]
  obj_id: 7
119:
- cam_R_m2c: [-0.49184999, 0.83094299, -0.26003200, 0.65367597, 0.15512900, -0.74070501, -0.57514501, -0.53429300, -0.61946702]
  cam_t_m2c: [129.94590820, -26.72073420, 1050.37843042]
  obj_bb: [370, 189, 51, 59]
  obj_id: 7
120:
- cam_R_m2c: [-0.50967503, 0.81764197, -0.26775700, 0.65630299, 0.16824700, -0.73549998, -0.55632597, -0.55059499, -0.62237197]
  cam_t_m2c: [140.24953553, -23.17215143, 994.26979782]
  obj_bb: [379, 188, 53, 62]
  obj_id: 7
121:
- cam_R_m2c: [-0.54088300, 0.82758301, -0.15017401, 0.61818099, 0.27007300, -0.73818201, -0.57034898, -0.49210399, -0.65767401]
  cam_t_m2c: [72.06941283, -26.20018501, 900.69020075]
  obj_bb: [343, 181, 60, 68]
  obj_id: 7
122:
- cam_R_m2c: [-0.42103299, 0.85371298, -0.30643901, 0.69414502, 0.08579570, -0.71470398, -0.58386099, -0.51362801, -0.62872398]
  cam_t_m2c: [33.69665677, 6.18905988, 805.27786932]
  obj_bb: [313, 196, 66, 76]
  obj_id: 7
123:
- cam_R_m2c: [-0.55321199, 0.81678897, -0.16374400, 0.62641698, 0.27830699, -0.72811103, -0.54914200, -0.50537199, -0.66561401]
  cam_t_m2c: [10.73734279, -20.63920673, 706.51951904]
  obj_bb: [297, 169, 76, 86]
  obj_id: 7
124:
- cam_R_m2c: [-0.48665500, 0.83956599, -0.24144600, 0.67301202, 0.18410000, -0.71635300, -0.55697501, -0.51111299, -0.65463102]
  cam_t_m2c: [-4.49642444, -14.65774398, 684.31312777]
  obj_bb: [281, 171, 77, 89]
  obj_id: 7
125:
- cam_R_m2c: [-0.48499301, 0.85351098, -0.19052900, 0.75849301, 0.30210200, -0.57742703, -0.43528101, -0.42456299, -0.79390001]
  cam_t_m2c: [-21.60340958, -59.85610728, 1051.29200678]
  obj_bb: [288, 170, 50, 58]
  obj_id: 7
126:
- cam_R_m2c: [-0.53495699, 0.83133698, -0.15066200, 0.72540098, 0.36052299, -0.58635801, -0.43314400, -0.42296699, -0.79591799]
  cam_t_m2c: [-10.10469983, -46.31399145, 999.20678021]
  obj_bb: [293, 174, 54, 61]
  obj_id: 7
127:
- cam_R_m2c: [-0.43043500, 0.87228400, -0.23204701, 0.75248802, 0.20480400, -0.62595302, -0.49848500, -0.44404501, -0.74453801]
  cam_t_m2c: [-12.14977068, 44.50884353, 904.04542834]
  obj_bb: [286, 225, 59, 67]
  obj_id: 7
128:
- cam_R_m2c: [-0.65596002, 0.75456101, -0.01881220, 0.61301702, 0.51804000, -0.59652698, -0.44037101, -0.40283000, -0.80237198]
  cam_t_m2c: [-9.33081634, -29.73326171, 802.06420489]
  obj_bb: [285, 171, 73, 75]
  obj_id: 7
129:
- cam_R_m2c: [-0.55794603, 0.81886297, -0.13475800, 0.73852700, 0.41587400, -0.53068501, -0.37851599, -0.39561599, -0.83678800]
  cam_t_m2c: [-39.55623543, -71.26745697, 694.08468961]
  obj_bb: [252, 124, 80, 87]
  obj_id: 7
130:
- cam_R_m2c: [-0.21248101, 0.97135800, -0.10637100, 0.79235399, 0.10756500, -0.60050303, -0.57186198, -0.21187900, -0.79251599]
  cam_t_m2c: [-102.94078997, -22.79788648, 1039.82619919]
  obj_bb: [241, 190, 51, 58]
  obj_id: 7
131:
- cam_R_m2c: [0.52368402, 0.84783399, 0.08326290, 0.69155502, -0.36599800, -0.62273300, -0.49750000, 0.38369599, -0.77799100]
  cam_t_m2c: [46.65171190, -55.38963089, 998.23678557]
  obj_bb: [324, 170, 53, 61]
  obj_id: 7
132:
- cam_R_m2c: [0.77850598, 0.62684000, -0.03163010, 0.50902402, -0.66005999, -0.55246300, -0.36718401, 0.41399500, -0.83293700]
  cam_t_m2c: [-39.23585656, -79.41892724, 902.72443286]
  obj_bb: [262, 148, 67, 68]
  obj_id: 7
133:
- cam_R_m2c: [0.77253300, 0.63495302, 0.00520270, 0.54120803, -0.65414500, -0.52838302, -0.33209500, 0.41100901, -0.84899002]
  cam_t_m2c: [-37.64755398, -94.68973287, 865.76210118]
  obj_bb: [261, 134, 70, 71]
  obj_id: 7
134:
- cam_R_m2c: [0.57751697, 0.77091002, 0.26864901, 0.75481099, -0.37885299, -0.53547299, -0.31102300, 0.51202399, -0.80068499]
  cam_t_m2c: [-78.61232957, -92.11087437, 791.91849148]
  obj_bb: [234, 123, 68, 78]
  obj_id: 7
135:
- cam_R_m2c: [0.75463998, 0.65503597, 0.03803050, 0.55055797, -0.60061300, -0.57978499, -0.35693800, 0.45846701, -0.81388199]
  cam_t_m2c: [-21.56088531, -70.58240412, 689.26730575]
  obj_bb: [259, 126, 89, 89]
  obj_id: 7
136:
- cam_R_m2c: [-0.06193790, 0.99657500, -0.05478250, 0.41712001, -0.02401850, -0.90853399, -0.90673900, -0.07912350, -0.41420400]
  cam_t_m2c: [91.56827939, -44.71924195, 1052.62398622]
  obj_bb: [350, 184, 50, 57]
  obj_id: 7
137:
- cam_R_m2c: [-0.11814100, 0.98968297, 0.08106240, 0.46934101, 0.12759300, -0.87374997, -0.87507802, -0.06517940, -0.47957200]
  cam_t_m2c: [113.78234137, -80.87009718, 1004.19193190]
  obj_bb: [367, 160, 53, 60]
  obj_id: 7
138:
- cam_R_m2c: [-0.03477480, 0.99938798, 0.00373951, 0.39563200, 0.01720240, -0.91824800, -0.91775000, -0.03045240, -0.39598799]
  cam_t_m2c: [56.71076877, 4.01084924, 910.91558871]
  obj_bb: [333, 206, 57, 66]
  obj_id: 7
139:
- cam_R_m2c: [0.02785990, 0.98288900, -0.18208000, 0.35272300, -0.18009999, -0.91823202, -0.93531299, -0.03864180, -0.35170501]
  cam_t_m2c: [60.84589412, 45.40246226, 829.67163175]
  obj_bb: [331, 230, 63, 74]
  obj_id: 7
140:
- cam_R_m2c: [0.03250160, 0.97568798, -0.21674100, 0.34662500, -0.21440101, -0.91317201, -0.93744099, -0.04544830, -0.34516600]
  cam_t_m2c: [68.65216214, 47.75907328, 814.04463557]
  obj_bb: [336, 232, 64, 75]
  obj_id: 7
141:
- cam_R_m2c: [0.00855339, 0.98035502, -0.19705600, 0.41951001, -0.18240100, -0.88923597, -0.90771002, -0.07506110, -0.41282901]
  cam_t_m2c: [64.97310239, -6.89641466, 710.87317401]
  obj_bb: [335, 186, 74, 85]
  obj_id: 7
142:
- cam_R_m2c: [-0.14717500, 0.97011602, 0.19291100, 0.61550403, 0.24249800, -0.74989903, -0.77427000, 0.00837112, -0.63279998]
  cam_t_m2c: [79.19775418, -49.32033612, 1053.19354383]
  obj_bb: [348, 178, 51, 58]
  obj_id: 7
143:
- cam_R_m2c: [-0.16879500, 0.97089899, 0.16988900, 0.64425802, 0.23912500, -0.72646499, -0.74594897, -0.01317170, -0.66587299]
  cam_t_m2c: [90.99998911, -68.20889234, 1002.47442691]
  obj_bb: [356, 163, 53, 62]
  obj_id: 7
144:
- cam_R_m2c: [0.09445230, 0.98922598, -0.11184900, 0.56871200, -0.14582901, -0.80950600, -0.81709599, 0.01285010, -0.57635897]
  cam_t_m2c: [51.70717134, 39.28612210, 902.48181284]
  obj_bb: [326, 223, 58, 69]
  obj_id: 7
145:
- cam_R_m2c: [-0.05614120, 0.99835098, 0.01201800, 0.63198799, 0.04485260, -0.77367902, -0.77294201, -0.03584010, -0.63346398]
  cam_t_m2c: [69.57636694, -12.13298468, 807.09102341]
  obj_bb: [343, 184, 67, 77]
  obj_id: 7
146:
- cam_R_m2c: [-0.22938500, 0.97288102, 0.02975030, 0.58207101, 0.16160899, -0.79691601, -0.78011298, -0.16548400, -0.60335702]
  cam_t_m2c: [94.48228959, -89.77684550, 1051.80465580]
  obj_bb: [354, 157, 51, 58]
  obj_id: 7
147:
- cam_R_m2c: [-0.25499001, 0.96591502, 0.04458360, 0.57765001, 0.18914400, -0.79406899, -0.77543598, -0.17672600, -0.60619098]
  cam_t_m2c: [99.09438319, -82.96640792, 1002.53726601]
  obj_bb: [359, 156, 53, 62]
  obj_id: 7
148:
- cam_R_m2c: [-0.11265400, 0.99053198, -0.07846020, 0.58631802, 0.00251611, -0.81007701, -0.80220997, -0.13726100, -0.58104998]
  cam_t_m2c: [35.30817479, -51.75011852, 970.12849215]
  obj_bb: [318, 172, 55, 63]
  obj_id: 7
149:
- cam_R_m2c: [0.06529130, 0.96451497, -0.25582701, 0.51296902, -0.25234801, -0.82047802, -0.85592097, -0.07766140, -0.51124197]
  cam_t_m2c: [-16.67112362, 46.53986733, 909.15635006]
  obj_bb: [280, 229, 57, 68]
  obj_id: 7
150:
- cam_R_m2c: [-0.29390401, 0.93414199, 0.20248100, 0.54366499, 0.33760700, -0.76840699, -0.78616101, -0.11575600, -0.60708499]
  cam_t_m2c: [67.83903219, -33.81120878, 805.75738778]
  obj_bb: [349, 170, 66, 76]
  obj_id: 7
151:
- cam_R_m2c: [-0.40533900, 0.85359502, 0.32722399, 0.50465900, 0.50740099, -0.69847202, -0.76224601, -0.11798200, -0.63644397]
  cam_t_m2c: [74.29808031, -41.43928611, 704.79471042]
  obj_bb: [358, 154, 79, 86]
  obj_id: 7
152:
- cam_R_m2c: [0.27163500, 0.96166098, 0.03770690, 0.60415000, -0.13989000, -0.78449601, -0.74914497, 0.23587701, -0.61898702]
  cam_t_m2c: [-98.08420002, -95.84747760, 1050.07552071]
  obj_bb: [244, 153, 51, 59]
  obj_id: 7
153:
- cam_R_m2c: [0.18493000, 0.98216403, -0.03399360, 0.56775498, -0.13500801, -0.81205100, -0.80215597, 0.13087299, -0.58259499]
  cam_t_m2c: [-42.05328346, -94.51143774, 995.12913796]
  obj_bb: [272, 149, 53, 63]
  obj_id: 7
154:
- cam_R_m2c: [0.00911091, 0.98565799, 0.16850799, 0.61895198, 0.12679400, -0.77512699, -0.78537601, 0.11136000, -0.60891998]
  cam_t_m2c: [11.88480797, -126.50271326, 904.98289028]
  obj_bb: [308, 119, 58, 69]
  obj_id: 7
155:
- cam_R_m2c: [0.08204760, 0.99628800, 0.02602780, 0.56521302, -0.02500550, -0.82456601, -0.82085502, 0.08236490, -0.56516701]
  cam_t_m2c: [10.43631827, -45.29493603, 708.60034546]
  obj_bb: [296, 152, 75, 87]
  obj_id: 7
156:
- cam_R_m2c: [-0.03234200, 0.99255598, 0.11741800, 0.56611103, 0.11501000, -0.81626600, -0.82369399, 0.04007220, -0.56561702]
  cam_t_m2c: [46.27499246, -28.41250074, 675.45974193]
  obj_bb: [330, 161, 79, 91]
  obj_id: 7
157:
- cam_R_m2c: [-0.00958520, 0.98204100, -0.18842199, 0.41730201, -0.16730900, -0.89323401, -0.90871698, -0.08719060, -0.40820399]
  cam_t_m2c: [39.10775142, -11.65222966, 1025.27314676]
  obj_bb: [318, 200, 51, 60]
  obj_id: 7
158:
- cam_R_m2c: [0.05336320, 0.98408800, -0.16948000, 0.46284699, -0.17476501, -0.86904001, -0.88483101, -0.03206870, -0.46480799]
  cam_t_m2c: [-6.42770103, -36.33640367, 1026.70945951]
  obj_bb: [292, 186, 51, 60]
  obj_id: 7
159:
- cam_R_m2c: [0.04994890, 0.98503500, -0.16495600, 0.50683802, -0.16731501, -0.84564799, -0.86059302, -0.04136680, -0.50761002]
  cam_t_m2c: [-5.71780919, -68.57476590, 1008.61538248]
  obj_bb: [292, 166, 52, 61]
  obj_id: 7
160:
- cam_R_m2c: [-0.13913099, 0.98326898, 0.11758200, 0.69391400, 0.18151399, -0.69680399, -0.70648801, -0.01535570, -0.70755798]
  cam_t_m2c: [-92.47267755, -110.67206843, 1038.56233839]
  obj_bb: [251, 142, 51, 60]
  obj_id: 7
161:
- cam_R_m2c: [0.30866101, 0.95014900, 0.04410530, 0.75147003, -0.21516800, -0.62369502, -0.58311301, 0.22565401, -0.78042197]
  cam_t_m2c: [91.83217963, -58.38382587, 1030.83255498]
  obj_bb: [350, 170, 52, 59]
  obj_id: 7
162:
- cam_R_m2c: [0.19759201, 0.96217501, 0.18755400, 0.84994400, -0.07282830, -0.52181602, -0.48841900, 0.26251701, -0.83218497]
  cam_t_m2c: [93.82436206, 78.72389324, 922.25849165]
  obj_bb: [358, 246, 58, 72]
  obj_id: 7
163:
- cam_R_m2c: [0.09365360, 0.98499000, 0.14499600, 0.93453002, -0.03674770, -0.35398200, -0.34334001, 0.16865499, -0.92394400]
  cam_t_m2c: [179.38468463, -62.80999003, 995.17106225]
  obj_bb: [406, 164, 55, 68]
  obj_id: 7
164:
- cam_R_m2c: [0.05639400, 0.98479801, 0.16429500, 0.71054399, 0.07601520, -0.69953400, -0.70138901, 0.15618899, -0.69545603]
  cam_t_m2c: [34.01487705, 53.23957513, 829.44545468]
  obj_bb: [321, 229, 64, 74]
  obj_id: 7
165:
- cam_R_m2c: [0.08245450, 0.99014801, 0.11317500, 0.80645400, 0.00042827, -0.59129602, -0.58551902, 0.14002500, -0.79847401]
  cam_t_m2c: [59.37883444, -109.72622721, 1040.52191103]
  obj_bb: [335, 142, 51, 59]
  obj_id: 7
166:
- cam_R_m2c: [0.06635900, 0.99775702, 0.00879049, 0.78835398, -0.04702760, -0.61342198, -0.61163300, 0.04763610, -0.78970599]
  cam_t_m2c: [86.73140570, -108.30433911, 995.72560685]
  obj_bb: [349, 138, 54, 62]
  obj_id: 7
167:
- cam_R_m2c: [-0.13310900, 0.97129703, 0.19713899, 0.70565599, 0.23255000, -0.66930503, -0.69593900, 0.05002190, -0.71635699]
  cam_t_m2c: [47.10160956, -3.05530932, 802.25308210]
  obj_bb: [333, 189, 66, 76]
  obj_id: 7
168:
- cam_R_m2c: [-0.06689180, 0.99514699, 0.07216650, 0.75284600, 0.09780630, -0.65088898, -0.65478802, 0.01079110, -0.75573498]
  cam_t_m2c: [62.03106842, -52.82440789, 704.14079622]
  obj_bb: [342, 141, 77, 87]
  obj_id: 7
169:
- cam_R_m2c: [0.40919599, 0.91244602, -0.00032101, 0.57878798, -0.25983599, -0.77297401, -0.70538098, 0.31611300, -0.63443702]
  cam_t_m2c: [10.32259298, -69.16443793, 1052.03962160]
  obj_bb: [302, 167, 51, 60]
  obj_id: 7
170:
- cam_R_m2c: [0.40490299, 0.91421098, -0.01647620, 0.58547002, -0.27306101, -0.76332402, -0.70233798, 0.29942599, -0.64580601]
  cam_t_m2c: [49.42350218, 14.27390020, 1009.19438441]
  obj_bb: [324, 211, 52, 62]
  obj_id: 7
171:
- cam_R_m2c: [0.07070270, 0.97750401, 0.19871201, 0.68276900, 0.09780580, -0.72405797, -0.72720498, 0.18686700, -0.66049498]
  cam_t_m2c: [144.78622026, 25.54485958, 876.91125283]
  obj_bb: [394, 212, 62, 70]
  obj_id: 7
172:
- cam_R_m2c: [0.13565500, 0.98185301, 0.13252200, 0.68394202, 0.00396985, -0.72952598, -0.71681398, 0.18960100, -0.67099202]
  cam_t_m2c: [114.76685846, 15.33048371, 786.39755085]
  obj_bb: [379, 202, 68, 78]
  obj_id: 7
173:
- cam_R_m2c: [0.19436000, 0.97673899, 0.09058560, 0.70257699, -0.07416750, -0.70773202, -0.68455100, 0.20119800, -0.70064998]
  cam_t_m2c: [91.80957505, -16.17682175, 692.73655832]
  obj_bb: [365, 170, 78, 89]
  obj_id: 7
174:
- cam_R_m2c: [0.18120199, 0.98344600, 0.00034538, 0.36580101, -0.06707360, -0.92827302, -0.91288298, 0.16833100, -0.37189999]
  cam_t_m2c: [126.14702553, 191.51405451, 1033.44106495]
  obj_bb: [368, 311, 52, 61]
  obj_id: 7
175:
