0:
- cam_R_m2c: [0.98548597, -0.00825023, -0.16955499, -0.13048200, -0.67573500, -0.72550398, -0.10858900, 0.73709798, -0.66700399]
  cam_t_m2c: [27.85431770, -110.12161613, 1023.44225463]
  obj_bb: [272, 121, 129, 117]
  obj_id: 8
1:
- cam_R_m2c: [0.98339200, 0.05321840, -0.17351800, -0.08514910, -0.70902002, -0.70002902, -0.16028300, 0.70317698, -0.69271302]
  cam_t_m2c: [40.71799858, -152.05616554, 973.69279588]
  obj_bb: [276, 91, 138, 122]
  obj_id: 8
2:
- cam_R_m2c: [0.96587199, 0.05705790, -0.25265601, -0.14080399, -0.70305997, -0.69705200, -0.21740399, 0.70883799, -0.67103201]
  cam_t_m2c: [87.86976237, -101.47828777, 981.80442009]
  obj_bb: [304, 121, 134, 121]
  obj_id: 8
3:
- cam_R_m2c: [0.98269802, -0.00608886, -0.18511599, -0.12023300, -0.78122097, -0.61256599, -0.14088599, 0.62422502, -0.76843601]
  cam_t_m2c: [25.00978336, -98.76331861, 995.68064814]
  obj_bb: [268, 130, 134, 110]
  obj_id: 8
4:
- cam_R_m2c: [0.99570602, 0.02625100, -0.08876630, -0.02277390, -0.85999900, -0.50978702, -0.08972130, 0.50962001, -0.85570902]
  cam_t_m2c: [16.43301790, -98.16063737, 979.61150977]
  obj_bb: [263, 139, 141, 95]
  obj_id: 8
5:
- cam_R_m2c: [0.99465698, 0.03831690, -0.09585770, -0.01442210, -0.86787999, -0.49656400, -0.10222000, 0.49529400, -0.86269099]
  cam_t_m2c: [15.36593596, -93.24621517, 969.69246214]
  obj_bb: [262, 141, 142, 95]
  obj_id: 8
6:
- cam_R_m2c: [0.98632598, 0.15948600, 0.04153270, 0.16099399, -0.87852901, -0.44974199, -0.03524010, 0.45027900, -0.89219201]
  cam_t_m2c: [-1.25273862, -63.30358672, 964.00995384]
  obj_bb: [255, 162, 145, 90]
  obj_id: 8
7:
- cam_R_m2c: [0.95954800, 0.26096401, 0.10566600, 0.27895299, -0.83041400, -0.48228499, -0.03811250, 0.49225101, -0.86961800]
  cam_t_m2c: [-116.27953986, 33.72718788, 949.06271108]
  obj_bb: [183, 216, 144, 94]
  obj_id: 8
8:
- cam_R_m2c: [0.97308803, -0.20518100, -0.10488500, -0.23042201, -0.87112999, -0.43363401, -0.00239546, 0.44613200, -0.89496398]
  cam_t_m2c: [51.78451080, 127.80481631, 991.69555958]
  obj_bb: [285, 276, 138, 80]
  obj_id: 8
9:
- cam_R_m2c: [0.96573102, -0.24242499, -0.09270390, -0.25953600, -0.90500998, -0.33704299, -0.00219043, 0.34955299, -0.93691403]
  cam_t_m2c: [41.37391929, 149.77125405, 955.18634884]
  obj_bb: [278, 295, 143, 72]
  obj_id: 8
10:
- cam_R_m2c: [0.99437499, -0.03253420, -0.10080000, -0.05369150, -0.97515500, -0.21491800, -0.09130310, 0.21912099, -0.97141600]
  cam_t_m2c: [97.39968073, 131.10581872, 971.81237787]
  obj_bb: [312, 295, 146, 49]
  obj_id: 8
11:
- cam_R_m2c: [0.99192399, -0.05088640, -0.11618100, -0.07960020, -0.96289700, -0.25786400, -0.09874850, 0.26503000, -0.95916998]
  cam_t_m2c: [113.20780511, 110.20870887, 954.03522975]
  obj_bb: [321, 281, 149, 57]
  obj_id: 8
12:
- cam_R_m2c: [0.98437399, -0.13183400, -0.11674000, -0.17348000, -0.83981001, -0.51441598, -0.03022210, 0.52662998, -0.84955698]
  cam_t_m2c: [99.63060028, 141.54528462, 950.42758827]
  obj_bb: [313, 285, 146, 87]
  obj_id: 8
13:
- cam_R_m2c: [0.97998601, -0.11772200, -0.16052701, -0.18982200, -0.79551297, -0.57543701, -0.05996000, 0.59439099, -0.80193698]
  cam_t_m2c: [114.20579865, 150.80436591, 942.11774105]
  obj_bb: [321, 287, 146, 95]
  obj_id: 8
14:
- cam_R_m2c: [0.91908097, 0.36045501, -0.15925300, 0.18822400, -0.75659502, -0.62620801, -0.34621000, 0.54556000, -0.76321900]
  cam_t_m2c: [79.77593111, 137.24169817, 946.13708672]
  obj_bb: [302, 281, 139, 96]
  obj_id: 8
15:
- cam_R_m2c: [0.85679102, 0.49805900, -0.13358800, 0.32913199, -0.72762299, -0.60185999, -0.39696401, 0.47170001, -0.78734899]
  cam_t_m2c: [49.68049668, 87.81832994, 958.02426359]
  obj_bb: [288, 244, 129, 103]
  obj_id: 8
16:
- cam_R_m2c: [0.85260302, 0.51308399, -0.09906300, 0.35911000, -0.71301103, -0.60220897, -0.37961701, 0.47787100, -0.79216802]
  cam_t_m2c: [16.58114178, 92.34942068, 991.24635505]
  obj_bb: [271, 245, 122, 102]
  obj_id: 8
17:
- cam_R_m2c: [0.82547897, 0.55821699, -0.08354120, 0.42791399, -0.71544403, -0.55229402, -0.36806899, 0.42015901, -0.82945299]
  cam_t_m2c: [-16.63528435, 84.21066657, 985.67091086]
  obj_bb: [253, 237, 119, 104]
  obj_id: 8
18:
- cam_R_m2c: [0.87816203, 0.43119800, -0.20712200, 0.15138900, -0.66123998, -0.73474002, -0.45377499, 0.61386502, -0.64595503]
  cam_t_m2c: [56.70658158, 108.31925324, 991.83806316]
  obj_bb: [291, 259, 124, 102]
  obj_id: 8
19:
- cam_R_m2c: [0.89572400, 0.32865000, -0.29944599, 0.02470270, -0.70924699, -0.70452702, -0.44392401, 0.62366402, -0.64340800]
  cam_t_m2c: [52.69479096, 80.22896910, 983.86871058]
  obj_bb: [285, 243, 124, 100]
  obj_id: 8
20:
- cam_R_m2c: [0.90684801, 0.19395100, -0.37417901, -0.11313300, -0.74321300, -0.65942001, -0.40599000, 0.64032602, -0.65203899]
  cam_t_m2c: [27.75610845, 57.53401138, 960.31335519]
  obj_bb: [267, 225, 124, 105]
  obj_id: 8
21:
- cam_R_m2c: [0.91597998, 0.27925301, -0.28809500, 0.02991110, -0.76356900, -0.64503300, -0.40010801, 0.58222002, -0.70776701]
  cam_t_m2c: [7.06858879, 36.89922754, 972.17358910]
  obj_bb: [257, 218, 125, 98]
  obj_id: 8
22:
- cam_R_m2c: [0.92776400, 0.27811700, -0.24880700, 0.07923430, -0.79835600, -0.59694999, -0.36465901, 0.53411502, -0.76272202]
  cam_t_m2c: [-12.05462395, 78.30141162, 944.92196429]
  obj_bb: [244, 247, 130, 93]
  obj_id: 8
23:
- cam_R_m2c: [0.96431601, 0.16073500, -0.21037900, 0.04331230, -0.87968802, -0.47357401, -0.26118800, 0.44756299, -0.85525900]
  cam_t_m2c: [-22.72036891, 101.27853609, 939.76561839]
  obj_bb: [235, 267, 138, 80]
  obj_id: 8
24:
- cam_R_m2c: [0.97240502, 0.17684899, -0.15216300, 0.08462310, -0.87516701, -0.47636300, -0.21741299, 0.45034099, -0.86598200]
  cam_t_m2c: [-37.54993265, 133.15331207, 978.69448115]
  obj_bb: [230, 286, 134, 75]
  obj_id: 8
25:
- cam_R_m2c: [0.96427399, 0.21194001, -0.15892300, 0.14347599, -0.92215103, -0.35923800, -0.22268800, 0.32360300, -0.91961497]
  cam_t_m2c: [-64.37217082, 118.33791211, 987.27211039]
  obj_bb: [215, 278, 131, 68]
  obj_id: 8
26:
- cam_R_m2c: [0.88171297, 0.13685501, -0.45150200, -0.32461700, -0.51847303, -0.79108101, -0.34235501, 0.84407097, -0.41271901]
  cam_t_m2c: [79.31980008, 100.10633348, 998.79935084]
  obj_bb: [298, 233, 120, 128]
  obj_id: 8
27:
- cam_R_m2c: [0.86335701, 0.19406900, -0.46578100, -0.28518799, -0.57384199, -0.76770699, -0.41627300, 0.79563999, -0.44008401]
  cam_t_m2c: [123.86106413, 29.72089811, 1006.63285875]
  obj_bb: [324, 193, 118, 126]
  obj_id: 8
28:
- cam_R_m2c: [0.93908399, 0.18012200, -0.29270601, -0.07837210, -0.71699601, -0.69265699, -0.33463201, 0.67340398, -0.65920299]
  cam_t_m2c: [64.84896386, 41.99051704, 1017.76698695]
  obj_bb: [292, 217, 124, 100]
  obj_id: 8
29:
- cam_R_m2c: [0.97673601, -0.18302400, -0.11175600, -0.20888300, -0.69405699, -0.68895102, 0.04852960, 0.69626701, -0.71614099]
  cam_t_m2c: [-91.88937972, -118.85604348, 1010.06294396]
  obj_bb: [201, 113, 131, 121]
  obj_id: 8
30:
- cam_R_m2c: [0.93587202, -0.32830101, -0.12791300, -0.31768101, -0.62922698, -0.70933199, 0.15238801, 0.70447999, -0.69317102]
  cam_t_m2c: [-72.01268845, -45.39986107, 1025.25184702]
  obj_bb: [215, 153, 125, 123]
  obj_id: 8
31:
- cam_R_m2c: [0.83258098, -0.52205402, -0.18511599, -0.47535700, -0.50187802, -0.72260201, 0.28433099, 0.68962198, -0.66601598]
  cam_t_m2c: [-91.72110188, 52.06055069, 961.46696895]
  obj_bb: [197, 198, 123, 139]
  obj_id: 8
32:
- cam_R_m2c: [0.91614598, -0.39478499, -0.06943910, -0.33269700, -0.65226799, -0.68107200, 0.22358400, 0.64706397, -0.72891599]
  cam_t_m2c: [-8.77121896, -8.84618247, 1020.04144003]
  obj_bb: [253, 175, 126, 120]
  obj_id: 8
33:
- cam_R_m2c: [0.93097299, -0.35907701, -0.06597600, -0.31290701, -0.69167399, -0.65090400, 0.18809000, 0.62661803, -0.75628799]
  cam_t_m2c: [27.36947376, 14.20644068, 994.96755274]
  obj_bb: [273, 189, 131, 118]
  obj_id: 8
34:
- cam_R_m2c: [0.78418797, -0.34266001, -0.51733297, -0.61877197, -0.36923400, -0.69338799, 0.04657930, 0.86385798, -0.50157702]
  cam_t_m2c: [57.60574128, 9.24708568, 1035.44195332]
  obj_bb: [289, 170, 118, 138]
  obj_id: 8
35:
- cam_R_m2c: [0.77576101, -0.30831000, -0.55058098, -0.63075900, -0.35345200, -0.69080800, 0.01837910, 0.88318598, -0.46866301]
  cam_t_m2c: [63.59483208, 12.79885766, 993.74767742]
  obj_bb: [291, 168, 124, 145]
  obj_id: 8
36:
- cam_R_m2c: [0.79362702, -0.35862899, -0.49146801, -0.60807198, -0.44086900, -0.66021502, 0.02009910, 0.82281297, -0.56795698]
  cam_t_m2c: [46.21559011, 17.63794155, 984.94310851]
  obj_bb: [280, 173, 123, 141]
  obj_id: 8
37:
- cam_R_m2c: [0.77970701, -0.51500398, -0.35612801, -0.60771000, -0.48543301, -0.62852502, 0.15081599, 0.70648801, -0.69146901]
  cam_t_m2c: [21.99025903, 6.21579180, 1010.79570446]
  obj_bb: [270, 170, 111, 134]
  obj_id: 8
38:
- cam_R_m2c: [0.85043502, -0.52308601, -0.05604330, -0.45324400, -0.67443901, -0.58283901, 0.26707700, 0.52106798, -0.81065297]
  cam_t_m2c: [68.65183169, 58.00517744, 1007.39254595]
  obj_bb: [301, 212, 122, 117]
  obj_id: 8
39:
- cam_R_m2c: [0.81098902, -0.57390499, -0.11371100, -0.54552698, -0.67153502, -0.50143999, 0.21141700, 0.46869501, -0.85768801]
  cam_t_m2c: [100.07725036, 35.82938836, 955.26616007]
  obj_bb: [320, 194, 125, 124]
  obj_id: 8
40:
- cam_R_m2c: [0.75588602, -0.65305698, -0.04639720, -0.58965200, -0.64827299, -0.48171899, 0.28451201, 0.39148301, -0.87509698]
  cam_t_m2c: [31.58391420, 51.32441933, 952.91322702]
  obj_bb: [281, 203, 121, 123]
  obj_id: 8
41:
- cam_R_m2c: [0.76894403, -0.63856202, -0.03102930, -0.56732303, -0.65917403, -0.49359301, 0.29473600, 0.39714900, -0.86913902]
  cam_t_m2c: [37.32993458, 67.37696269, 962.01595171]
  obj_bb: [284, 214, 122, 121]
  obj_id: 8
42:
- cam_R_m2c: [0.65346402, -0.75635397, -0.03022460, -0.71035200, -0.59894800, -0.36967900, 0.26150501, 0.26304200, -0.92866802]
  cam_t_m2c: [-21.47232239, -18.00572066, 964.23119778]
  obj_bb: [253, 158, 110, 124]
  obj_id: 8
43:
- cam_R_m2c: [0.69316602, -0.71774697, -0.06603270, -0.63864601, -0.56912601, -0.51790702, 0.33414501, 0.40116701, -0.85288501]
  cam_t_m2c: [111.60242801, -11.05122968, 966.49812198]
  obj_bb: [335, 160, 110, 132]
  obj_id: 8
44:
- cam_R_m2c: [0.69701898, -0.71442002, -0.06138680, -0.62981802, -0.56905001, -0.52868801, 0.34277299, 0.40716800, -0.84659398]
  cam_t_m2c: [128.23227866, -22.35006890, 959.56002434]
  obj_bb: [345, 152, 112, 135]
  obj_id: 8
45:
- cam_R_m2c: [0.68906200, -0.72379500, -0.03625300, -0.59957802, -0.54127800, -0.58951199, 0.40706301, 0.42794701, -0.80694598]
  cam_t_m2c: [121.54356204, -31.82658613, 962.41486711]
  obj_bb: [342, 146, 110, 138]
  obj_id: 8
46:
- cam_R_m2c: [0.69350302, -0.72019702, -0.01924470, -0.57118499, -0.53334200, -0.62393498, 0.43909201, 0.44369301, -0.78123897]
  cam_t_m2c: [126.83515619, -9.57755194, 971.34109536]
  obj_bb: [345, 161, 109, 136]
  obj_id: 8
47:
- cam_R_m2c: [0.67531502, -0.73621702, -0.04396480, -0.53422803, -0.44719601, -0.71736699, 0.50847697, 0.50793600, -0.69530702]
  cam_t_m2c: [91.08536569, -5.96532835, 1010.66791314]
  obj_bb: [323, 165, 101, 136]
  obj_id: 8
48:
- cam_R_m2c: [0.64312500, -0.75749898, -0.11218600, -0.50423503, -0.30865401, -0.80652398, 0.57631397, 0.57526302, -0.58046001]
  cam_t_m2c: [77.37528824, -15.40552018, 992.91260590]
  obj_bb: [315, 156, 97, 143]
  obj_id: 8
49:
- cam_R_m2c: [0.75864500, -0.64433402, -0.09639790, -0.48690099, -0.46242100, -0.74100900, 0.43288100, 0.60909897, -0.66453999]
  cam_t_m2c: [151.37020262, -33.20931665, 970.74554607]
  obj_bb: [355, 146, 112, 142]
  obj_id: 8
50:
- cam_R_m2c: [0.78196698, -0.61855000, -0.07696150, -0.46196100, -0.49221301, -0.73777997, 0.41847199, 0.61247301, -0.67063999]
  cam_t_m2c: [134.46241334, -36.88209339, 976.15738793]
  obj_bb: [344, 146, 115, 139]
  obj_id: 8
51:
- cam_R_m2c: [0.82653999, -0.55869901, -0.06845790, -0.42597100, -0.54135901, -0.72490001, 0.36794001, 0.62831998, -0.68544501]
  cam_t_m2c: [151.31783102, -54.26957892, 978.77181957]
  obj_bb: [352, 138, 120, 136]
  obj_id: 8
52:
- cam_R_m2c: [0.85107702, -0.51892602, -0.07989570, -0.41212901, -0.56599200, -0.71400499, 0.32529601, 0.64060098, -0.69556701]
  cam_t_m2c: [168.19097563, -57.90537181, 976.64789277]
  obj_bb: [361, 136, 124, 136]
  obj_id: 8
53:
- cam_R_m2c: [0.85656703, -0.50922900, -0.08353880, -0.41093400, -0.57519197, -0.70731002, 0.31213200, 0.64018703, -0.70195001]
  cam_t_m2c: [166.90203280, -67.47161335, 975.89864921]
  obj_bb: [360, 130, 124, 136]
  obj_id: 8
54:
- cam_R_m2c: [0.88307500, -0.45920399, -0.09648920, -0.39125800, -0.60708100, -0.69164300, 0.25902900, 0.64852399, -0.71576601]
  cam_t_m2c: [162.25706753, -87.36008113, 966.97382594]
  obj_bb: [356, 118, 129, 136]
  obj_id: 8
55:
- cam_R_m2c: [0.83977699, -0.53969097, -0.05922340, -0.44769600, -0.62663198, -0.63788801, 0.30715099, 0.56219798, -0.76784903]
  cam_t_m2c: [108.52941780, -41.27832321, 989.77396167]
  obj_bb: [325, 149, 123, 129]
  obj_id: 8
56:
- cam_R_m2c: [0.96021599, -0.24249500, 0.13849400, -0.13285001, -0.83288801, -0.53726000, 0.24563301, 0.49748701, -0.83196801]
  cam_t_m2c: [107.75833365, 41.46136717, 971.05897873]
  obj_bb: [326, 222, 143, 93]
  obj_id: 8
57:
- cam_R_m2c: [0.78823501, -0.58708900, -0.18442500, -0.34754500, -0.17738500, -0.92073202, 0.50783700, 0.78984898, -0.34386101]
  cam_t_m2c: [38.44294779, 113.02253459, 1042.12673803]
  obj_bb: [284, 233, 105, 137]
  obj_id: 8
58:
- cam_R_m2c: [0.79590398, -0.56893700, -0.20699599, -0.36733299, -0.18202400, -0.91210401, 0.48125201, 0.80198401, -0.35386300]
  cam_t_m2c: [60.79092881, 101.11170720, 1024.20997120]
  obj_bb: [296, 226, 106, 139]
  obj_id: 8
59:
- cam_R_m2c: [0.81786299, -0.53810602, -0.20382001, -0.36770800, -0.21630000, -0.90443701, 0.44259700, 0.81465101, -0.37476900]
  cam_t_m2c: [12.39512485, 110.34417375, 1033.97863368]
  obj_bb: [267, 231, 109, 138]
  obj_id: 8
60:
- cam_R_m2c: [0.85868400, -0.45436200, -0.23710300, -0.36813399, -0.22494800, -0.90215099, 0.35656700, 0.86194801, -0.36042500]
  cam_t_m2c: [-40.57135172, 115.60488101, 1026.97881097]
  obj_bb: [234, 234, 114, 139]
  obj_id: 8
61:
- cam_R_m2c: [0.76740599, -0.52011597, -0.37492400, -0.54648799, -0.22478300, -0.80673599, 0.33532000, 0.82398498, -0.45673701]
  cam_t_m2c: [39.10152426, 94.31420560, 995.72026925]
  obj_bb: [279, 217, 114, 145]
  obj_id: 8
62:
- cam_R_m2c: [0.75017601, -0.53277099, -0.39165199, -0.59540999, -0.28662601, -0.75055498, 0.28761601, 0.79624099, -0.53223699]
  cam_t_m2c: [30.68845899, 8.76594984, 990.75605633]
  obj_bb: [275, 166, 114, 146]
  obj_id: 8
63:
- cam_R_m2c: [0.78059602, -0.51974702, -0.34717900, -0.51369900, -0.21705000, -0.83006197, 0.35606599, 0.82628900, -0.43642199]
  cam_t_m2c: [-30.28672057, 81.66456994, 992.33542665]
  obj_bb: [237, 210, 117, 146]
  obj_id: 8
64:
- cam_R_m2c: [0.81636697, 0.46057400, -0.34844899, 0.09428950, -0.70153499, -0.70637000, -0.56978399, 0.54380202, -0.61613703]
  cam_t_m2c: [32.37029940, 70.72046910, 1019.57405183]
  obj_bb: [279, 237, 107, 99]
  obj_id: 8
65:
- cam_R_m2c: [0.82238001, 0.26054001, -0.50577599, -0.07753480, -0.82936603, -0.55330002, -0.56362998, 0.49423799, -0.66185302]
  cam_t_m2c: [8.92667652, 26.77168300, 1001.15430127]
  obj_bb: [261, 214, 119, 90]
  obj_id: 8
66:
- cam_R_m2c: [0.80039001, 0.36814800, -0.47312099, 0.05969970, -0.83424503, -0.54815298, -0.59649998, 0.41049099, -0.68969899]
  cam_t_m2c: [-5.23058873, 48.24255785, 1016.47692868]
  obj_bb: [256, 230, 115, 86]
  obj_id: 8
67:
- cam_R_m2c: [0.77566999, 0.43486401, -0.45741600, 0.16306700, -0.83822501, -0.52037299, -0.60970902, 0.32904801, -0.72109801]
  cam_t_m2c: [-12.92885521, 20.13899972, 998.61505167]
  obj_bb: [252, 214, 115, 88]
  obj_id: 8
68:
- cam_R_m2c: [0.80889702, 0.45370001, -0.37395501, 0.24629401, -0.83901399, -0.48517501, -0.53387702, 0.30035299, -0.79042000]
  cam_t_m2c: [-25.36781697, 69.43819453, 981.90927171]
  obj_bb: [243, 240, 114, 89]
  obj_id: 8
69:
- cam_R_m2c: [0.80930799, 0.44968200, -0.37789699, 0.24519500, -0.84325600, -0.47832900, -0.53376001, 0.29445699, -0.79271400]
  cam_t_m2c: [-24.17777632, 70.48419375, 978.84093084]
  obj_bb: [243, 241, 115, 88]
  obj_id: 8
70:
- cam_R_m2c: [0.84389800, 0.37154400, -0.38702801, 0.20464700, -0.88977301, -0.40795100, -0.49593899, 0.26506501, -0.82691300]
  cam_t_m2c: [27.83627853, 40.45755326, 887.19411077]
  obj_bb: [265, 226, 129, 89]
  obj_id: 8
71:
- cam_R_m2c: [0.83855402, 0.47430399, -0.26807401, 0.33199999, -0.83498800, -0.43882900, -0.43197700, 0.27898201, -0.85765100]
  cam_t_m2c: [4.72137373, 58.95914929, 941.22913528]
  obj_bb: [258, 230, 121, 94]
  obj_id: 8
72:
- cam_R_m2c: [0.84375501, 0.47692099, -0.24621999, 0.33633700, -0.82731700, -0.44991601, -0.41827601, 0.29680601, -0.85845900]
  cam_t_m2c: [-7.08982518, 73.46188202, 960.96177335]
  obj_bb: [252, 238, 120, 93]
  obj_id: 8
73:
- cam_R_m2c: [0.75869501, 0.37878799, -0.53000098, -0.22651200, -0.60942203, -0.75980097, -0.61079800, 0.69650900, -0.37656599]
  cam_t_m2c: [-32.84971220, 77.54281998, 1043.76610627]
  obj_bb: [244, 227, 114, 113]
  obj_id: 8
74:
- cam_R_m2c: [0.75772798, 0.35813901, -0.54551297, -0.24230900, -0.62176901, -0.74477500, -0.60591602, 0.69651902, -0.38435200]
  cam_t_m2c: [-46.31286358, 72.71101597, 1041.61706368]
  obj_bb: [237, 224, 115, 114]
  obj_id: 8
75:
- cam_R_m2c: [0.74949002, 0.40616801, -0.52277398, -0.14841899, -0.66647702, -0.73060203, -0.64516401, 0.62516898, -0.43923500]
  cam_t_m2c: [-68.28760919, 77.54473305, 1037.86618015]
  obj_bb: [226, 233, 113, 105]
  obj_id: 8
76:
- cam_R_m2c: [0.72285700, 0.42864200, -0.54198098, -0.10447300, -0.70753503, -0.69891298, -0.68305397, 0.56183702, -0.46666500]
  cam_t_m2c: [-77.42145721, 53.35581172, 1021.65229159]
  obj_bb: [220, 222, 115, 102]
  obj_id: 8
77:
- cam_R_m2c: [0.80364603, 0.39247099, -0.44734800, -0.04471640, -0.70975900, -0.70302403, -0.59342599, 0.58498597, -0.55284500]
  cam_t_m2c: [-21.96529409, 55.26209103, 982.86218754]
  obj_bb: [245, 226, 118, 103]
  obj_id: 8
78:
- cam_R_m2c: [0.82095999, 0.36393601, -0.43997100, -0.06696310, -0.70386398, -0.70717198, -0.56704497, 0.61002201, -0.55347401]
  cam_t_m2c: [-24.43429096, 63.54325120, 974.09655846]
  obj_bb: [242, 230, 119, 104]
  obj_id: 8
79:
- cam_R_m2c: [0.84146398, 0.22241400, -0.49241200, -0.24662299, -0.65276802, -0.71628898, -0.48074400, 0.72417200, -0.49442899]
  cam_t_m2c: [-53.06838417, 69.12594016, 966.93408722]
  obj_bb: [222, 222, 125, 119]
  obj_id: 8
80:
- cam_R_m2c: [0.86027402, 0.23948200, -0.45008400, -0.17134599, -0.69564998, -0.69764698, -0.48017499, 0.67728800, -0.55741602]
  cam_t_m2c: [-10.60360225, 25.78175414, 1026.35256844]
  obj_bb: [251, 202, 116, 108]
  obj_id: 8
81:
- cam_R_m2c: [0.87942803, 0.20696200, -0.42868701, -0.19045500, -0.67235500, -0.71530801, -0.43627101, 0.71070802, -0.55187100]
  cam_t_m2c: [-13.83016276, 57.24583639, 1001.66785505]
  obj_bb: [246, 218, 119, 112]
  obj_id: 8
82:
- cam_R_m2c: [0.81906599, 0.26968801, -0.50635898, -0.29370999, -0.56106001, -0.77391601, -0.49281400, 0.78261101, -0.38033599]
  cam_t_m2c: [30.32024474, 71.26873224, 1010.47755227]
  obj_bb: [273, 218, 120, 124]
  obj_id: 8
83:
- cam_R_m2c: [0.71049702, 0.51573902, -0.47875601, 0.04671240, -0.71340603, -0.69919199, -0.70214802, 0.47441000, -0.53096402]
  cam_t_m2c: [56.50425962, -6.77463339, 985.62601589]
  obj_bb: [293, 189, 115, 105]
  obj_id: 8
84:
- cam_R_m2c: [0.72901899, 0.47279099, -0.49497601, -0.03418200, -0.69707900, -0.71617901, -0.68364000, 0.53902698, -0.49202201]
  cam_t_m2c: [-58.13260341, 82.69350941, 1005.75780634]
  obj_bb: [230, 243, 114, 100]
  obj_id: 8
85:
- cam_R_m2c: [0.70235801, 0.58373201, -0.40737101, 0.22146501, -0.72308499, -0.65429503, -0.67649603, 0.36933100, -0.63713998]
  cam_t_m2c: [-49.44680495, -18.53721938, 1002.85225209]
  obj_bb: [237, 186, 108, 101]
  obj_id: 8
86:
- cam_R_m2c: [0.99852699, 0.01273800, -0.05273360, -0.04560610, -0.32932299, -0.94311500, -0.02937980, 0.94413197, -0.32825699]
  cam_t_m2c: [34.27297808, 46.95356096, 1048.88236520]
  obj_bb: [279, 211, 128, 117]
  obj_id: 8
87:
- cam_R_m2c: [0.99807698, 0.00278633, -0.06192310, -0.05629280, -0.37746000, -0.92431301, -0.02594890, 0.92602199, -0.37657800]
  cam_t_m2c: [32.23183036, 27.27525207, 1038.09311417]
  obj_bb: [277, 200, 129, 117]
  obj_id: 8
88:
- cam_R_m2c: [0.89043403, -0.12299600, -0.43817699, -0.44990200, -0.38315001, -0.80671197, -0.06866530, 0.91546100, -0.39650500]
  cam_t_m2c: [-18.92042390, 17.01343403, 1040.25697253]
  obj_bb: [244, 178, 117, 136]
  obj_id: 8
89:
- cam_R_m2c: [0.93465102, 0.06941150, -0.34872600, -0.26331401, -0.52395803, -0.81002098, -0.23894200, 0.84891099, -0.47144100]
  cam_t_m2c: [-13.83548067, -21.96317913, 1047.18786268]
  obj_bb: [248, 165, 114, 125]
  obj_id: 8
90:
- cam_R_m2c: [0.94161600, 0.04945750, -0.33303699, -0.27968001, -0.43581799, -0.85547799, -0.18745300, 0.89867502, -0.39654100]
  cam_t_m2c: [-80.26804511, -45.77059442, 1054.16489940]
  obj_bb: [212, 149, 112, 130]
  obj_id: 8
91:
- cam_R_m2c: [0.93018299, 0.03169330, -0.36572501, -0.32385400, -0.39825699, -0.85820198, -0.17285199, 0.91672599, -0.36018801]
  cam_t_m2c: [-91.79920703, -54.57779858, 1057.53687321]
  obj_bb: [206, 142, 113, 133]
  obj_id: 8
92:
- cam_R_m2c: [0.93385202, -0.03061700, -0.35634699, -0.33624101, -0.41476399, -0.84552503, -0.12191200, 0.90941399, -0.39762300]
  cam_t_m2c: [-81.89686803, -41.60228353, 1042.75818100]
  obj_bb: [209, 148, 115, 134]
  obj_id: 8
93:
- cam_R_m2c: [0.93253201, -0.11004100, -0.34391201, -0.36060300, -0.33316201, -0.87118798, -0.01871230, 0.93642598, -0.35036501]
  cam_t_m2c: [77.89753714, -90.13579920, 1046.07121954]
  obj_bb: [299, 119, 114, 138]
  obj_id: 8
94:
- cam_R_m2c: [0.90706402, -0.23988301, -0.34596401, -0.41109100, -0.32751399, -0.85072798, 0.09076750, 0.91388798, -0.39568999]
  cam_t_m2c: [15.13792948, -89.42874516, 1009.16096369]
  obj_bb: [262, 114, 116, 143]
  obj_id: 8
95:
- cam_R_m2c: [0.90559602, -0.28391901, -0.31509599, -0.39782199, -0.31096399, -0.86315602, 0.14708300, 0.90702301, -0.39455700]
  cam_t_m2c: [11.22122949, -65.90283463, 1016.99992937]
  obj_bb: [261, 130, 116, 141]
  obj_id: 8
96:
- cam_R_m2c: [0.88697100, -0.41271600, -0.20723900, -0.37525600, -0.38250601, -0.84431702, 0.26919401, 0.82665300, -0.49414599]
  cam_t_m2c: [-27.43269443, -73.31690252, 1013.78278483]
  obj_bb: [240, 128, 119, 138]
  obj_id: 8
97:
- cam_R_m2c: [0.86452198, -0.46560600, -0.18924600, -0.39184901, -0.38862500, -0.83392203, 0.31473300, 0.79509902, -0.51842099]
  cam_t_m2c: [-54.47496767, -85.21845497, 1000.41975898]
  obj_bb: [224, 119, 119, 141]
  obj_id: 8
98:
- cam_R_m2c: [0.83587301, -0.50588697, -0.21306100, -0.39272401, -0.27994999, -0.87601101, 0.38351601, 0.81590903, -0.43267599]
  cam_t_m2c: [-65.62317822, -51.22450502, 996.99971616]
  obj_bb: [217, 138, 117, 142]
  obj_id: 8
99:
- cam_R_m2c: [0.98308200, -0.07695050, -0.16621999, -0.18046699, -0.25162801, -0.95085001, 0.03134260, 0.96476001, -0.26125801]
  cam_t_m2c: [49.37442610, 32.99206674, 1013.91722456]
  obj_bb: [284, 194, 127, 132]
  obj_id: 8
100:
- cam_R_m2c: [0.99164498, -0.01836390, -0.12768599, -0.12869200, -0.20914800, -0.96937901, -0.00890376, 0.97771102, -0.20976400]
  cam_t_m2c: [54.70070809, 36.27199604, 1035.37397149]
  obj_bb: [289, 199, 125, 126]
  obj_id: 8
101:
- cam_R_m2c: [0.96510798, 0.08233700, -0.24857000, -0.24200200, -0.08209420, -0.96679699, -0.10000900, 0.99321800, -0.05930410]
  cam_t_m2c: [33.60418996, 84.42267298, 1041.91193005]
  obj_bb: [276, 220, 118, 133]
  obj_id: 8
102:
- cam_R_m2c: [0.95282400, 0.18017399, -0.24426000, -0.17905501, -0.31613901, -0.93166298, -0.24508099, 0.93144703, -0.26896399]
  cam_t_m2c: [-26.04464031, 1.56565874, 1015.05142628]
  obj_bb: [241, 175, 121, 132]
  obj_id: 8
103:
- cam_R_m2c: [0.96077901, 0.17948000, -0.21140300, -0.14411201, -0.32815900, -0.93356502, -0.23693000, 0.92741501, -0.28942299]
  cam_t_m2c: [-44.13070752, 10.65533461, 1013.07776058]
  obj_bb: [231, 183, 122, 129]
  obj_id: 8
104:
- cam_R_m2c: [0.91695398, 0.34822601, -0.19476600, -0.12430500, -0.21452200, -0.96877700, -0.37913501, 0.91253400, -0.15342100]
  cam_t_m2c: [54.31660724, 140.87866928, 984.76187764]
  obj_bb: [289, 260, 124, 130]
  obj_id: 8
105:
- cam_R_m2c: [0.91270000, 0.31429699, -0.26114500, -0.20901901, -0.19006000, -0.95926398, -0.35112700, 0.93010497, -0.10777400]
  cam_t_m2c: [19.54259150, 139.98641790, 1046.10847809]
  obj_bb: [271, 254, 112, 128]
  obj_id: 8
106:
- cam_R_m2c: [0.90252101, 0.35436299, -0.24471100, -0.13893899, -0.29825500, -0.94432002, -0.40761799, 0.88626802, -0.21994600]
  cam_t_m2c: [-47.88430908, 34.71161269, 1039.77559451]
  obj_bb: [235, 197, 110, 126]
  obj_id: 8
107:
- cam_R_m2c: [0.85618001, 0.43416500, -0.28009900, -0.16119900, -0.29059401, -0.94317001, -0.49088699, 0.85267597, -0.17881399]
  cam_t_m2c: [-97.48718722, 62.20719206, 1018.94528633]
  obj_bb: [208, 212, 105, 128]
  obj_id: 8
108:
- cam_R_m2c: [0.84440702, 0.41025600, -0.34448099, -0.22021000, -0.32037899, -0.92133898, -0.48834899, 0.85384297, -0.18018700]
  cam_t_m2c: [-101.66458540, 74.41475294, 1005.07701971]
  obj_bb: [203, 216, 111, 133]
  obj_id: 8
109:
- cam_R_m2c: [0.80983299, 0.37168601, -0.45389399, -0.29490501, -0.41091499, -0.86265898, -0.50714999, 0.83246499, -0.22316000]
  cam_t_m2c: [-94.70121537, 50.54501829, 993.33242700]
  obj_bb: [205, 200, 117, 136]
  obj_id: 8
110:
- cam_R_m2c: [0.86565500, 0.39275101, -0.31046501, -0.14147501, -0.40295199, -0.90421999, -0.48023599, 0.82666600, -0.29325300]
  cam_t_m2c: [-78.13902716, -15.78319196, 1012.34790836]
  obj_bb: [216, 167, 109, 129]
  obj_id: 8
111:
- cam_R_m2c: [0.86354500, 0.40953499, -0.29423001, -0.11526000, -0.40773299, -0.90579802, -0.49092299, 0.81611001, -0.30489200]
  cam_t_m2c: [-112.92965554, -3.66720939, 1015.21105074]
  obj_bb: [198, 176, 107, 126]
  obj_id: 8
112:
- cam_R_m2c: [0.77577603, 0.53093803, -0.34099400, -0.10899600, -0.41952100, -0.90117800, -0.62152302, 0.73627901, -0.26758400]
  cam_t_m2c: [-73.41135040, -2.69984856, 1059.67179155]
  obj_bb: [228, 179, 101, 120]
  obj_id: 8
113:
- cam_R_m2c: [0.72582000, 0.31954801, -0.60915899, -0.31947401, -0.62766302, -0.70991200, -0.60919702, 0.70987898, -0.35348400]
  cam_t_m2c: [-153.41447679, 24.00891069, 1000.88775365]
  obj_bb: [174, 190, 122, 125]
  obj_id: 8
114:
- cam_R_m2c: [0.72866201, 0.31995100, -0.60554302, -0.30983999, -0.63450998, -0.70809299, -0.61077899, 0.70358199, -0.36320999]
  cam_t_m2c: [-150.63451127, 12.66057967, 998.55140508]
  obj_bb: [175, 183, 122, 125]
  obj_id: 8
115:
- cam_R_m2c: [0.66314602, 0.37820899, -0.64590597, -0.33461699, -0.62210798, -0.70782298, -0.66952902, 0.68552101, -0.28599399]
  cam_t_m2c: [-172.53451315, 13.09377931, 1034.62414069]
  obj_bb: [172, 184, 116, 123]
  obj_id: 8
116:
- cam_R_m2c: [0.79296398, 0.17319900, -0.58413202, -0.49019501, -0.38800299, -0.78048903, -0.36182499, 0.90523797, -0.22277100]
  cam_t_m2c: [15.29173786, -9.08542556, 1040.91380471]
  obj_bb: [266, 161, 120, 139]
  obj_id: 8
117:
- cam_R_m2c: [0.70638299, -0.44062200, -0.55396301, -0.60887098, 0.02086400, -0.79299498, 0.36096901, 0.89744997, -0.25354400]
  cam_t_m2c: [-41.65932239, -41.77467462, 1070.99889728]
  obj_bb: [237, 144, 117, 139]
  obj_id: 8
118:
- cam_R_m2c: [0.73589200, -0.33481801, -0.58852297, -0.60304701, 0.07114140, -0.79452699, 0.30789000, 0.93959302, -0.14955901]
  cam_t_m2c: [36.89692543, 24.88624810, 1068.49390556]
  obj_bb: [279, 179, 119, 140]
  obj_id: 8
119:
- cam_R_m2c: [0.83315402, -0.15135700, -0.53192598, -0.53468400, 0.02529620, -0.84467298, 0.14130200, 0.98815602, -0.05985230]
  cam_t_m2c: [97.12198945, 37.44090296, 1028.79385880]
  obj_bb: [309, 185, 123, 145]
  obj_id: 8
120:
- cam_R_m2c: [0.83260202, -0.14852799, -0.53358603, -0.53728998, 0.01737570, -0.84321898, 0.13451301, 0.98875600, -0.06533550]
  cam_t_m2c: [92.77606699, 34.66265984, 1024.91637835]
  obj_bb: [306, 183, 124, 145]
  obj_id: 8
121:
- cam_R_m2c: [0.85096800, -0.17005201, -0.49692601, -0.50602102, -0.01199570, -0.86243802, 0.14069800, 0.98536199, -0.09625750]
  cam_t_m2c: [102.32955789, 31.21429361, 1009.08711051]
  obj_bb: [312, 180, 123, 148]
  obj_id: 8
122:
- cam_R_m2c: [0.89930999, -0.28564301, -0.33113399, -0.36842999, -0.08696670, -0.92557901, 0.23558800, 0.95438200, -0.18345000]
  cam_t_m2c: [169.41301334, 14.25355094, 1035.76551300]
  obj_bb: [351, 177, 111, 138]
  obj_id: 8
123:
- cam_R_m2c: [0.86840999, -0.22509301, 0.44181100, 0.35186201, -0.34805599, -0.86893600, 0.34936601, 0.91004997, -0.22305299]
  cam_t_m2c: [105.38930233, 51.18183668, 1035.25320700]
  obj_bb: [327, 215, 132, 117]
  obj_id: 8
124:
- cam_R_m2c: [0.84697700, -0.22057299, 0.48371300, 0.36876899, -0.41162601, -0.83341098, 0.38293701, 0.88425797, -0.26729700]
  cam_t_m2c: [161.43895681, 83.96577406, 1001.32913367]
  obj_bb: [358, 233, 139, 120]
  obj_id: 8
125:
- cam_R_m2c: [0.84583300, -0.21420600, 0.48855001, 0.36494800, -0.43561199, -0.82283401, 0.38907400, 0.87427598, -0.29028100]
  cam_t_m2c: [182.84157629, 86.28755655, 978.76619712]
  obj_bb: [371, 235, 142, 121]
  obj_id: 8
126:
- cam_R_m2c: [0.81477201, -0.32319000, 0.48134699, 0.29917401, -0.47678900, -0.82653898, 0.49663001, 0.81744802, -0.29178399]
  cam_t_m2c: [102.86971360, 75.99760993, 1018.10998360]
  obj_bb: [325, 232, 133, 113]
  obj_id: 8
127:
- cam_R_m2c: [0.87950999, -0.28327599, 0.38238400, 0.23636800, -0.43736100, -0.86766702, 0.41302800, 0.85350502, -0.31770599]
  cam_t_m2c: [73.95686950, 4.74755653, 987.59721407]
  obj_bb: [312, 190, 134, 118]
  obj_id: 8
128:
- cam_R_m2c: [0.88402998, -0.26853999, 0.38259301, 0.23705800, -0.44786099, -0.86210501, 0.40285799, 0.85282302, -0.33226299]
  cam_t_m2c: [85.86261222, 6.63226386, 976.06485727]
  obj_bb: [319, 190, 135, 120]
  obj_id: 8
129:
- cam_R_m2c: [0.84706402, -0.20913200, 0.48861700, 0.31607801, -0.54087901, -0.77945203, 0.42729101, 0.81468600, -0.39205700]
  cam_t_m2c: [174.57166100, 93.34054680, 976.29834205]
  obj_bb: [366, 243, 144, 115]
  obj_id: 8
130:
- cam_R_m2c: [0.82219601, -0.26476401, 0.50387800, 0.27678600, -0.58755499, -0.76037401, 0.49737599, 0.76464301, -0.40980199]
  cam_t_m2c: [156.24916028, 100.26394003, 1007.47827767]
  obj_bb: [354, 249, 139, 107]
  obj_id: 8
131:
- cam_R_m2c: [0.80754900, -0.29415700, 0.51121002, 0.25459900, -0.60797900, -0.75202501, 0.53201801, 0.73745102, -0.41608101]
  cam_t_m2c: [159.89509786, 91.67792260, 1009.81854936]
  obj_bb: [356, 245, 137, 106]
  obj_id: 8
132:
- cam_R_m2c: [0.82300800, -0.41134900, 0.39172700, 0.19506800, -0.44301301, -0.87503600, 0.53348500, 0.79657501, -0.28436199]
  cam_t_m2c: [188.73924683, 34.05330576, 1031.50008851]
  obj_bb: [377, 210, 123, 111]
  obj_id: 8
133:
- cam_R_m2c: [0.83538198, -0.38727900, 0.39006600, 0.22831599, -0.40104401, -0.88714999, 0.50000799, 0.83016801, -0.24660300]
  cam_t_m2c: [123.71876340, 27.79101531, 1043.38156667]
  obj_bb: [340, 206, 123, 112]
  obj_id: 8
134:
- cam_R_m2c: [0.88335502, -0.27421299, 0.38011900, 0.08506700, -0.70373499, -0.70535201, 0.46092001, 0.65541202, -0.59832102]
  cam_t_m2c: [213.07996715, 62.09783175, 975.26207165]
  obj_bb: [391, 232, 142, 101]
  obj_id: 8
135:
- cam_R_m2c: [0.89443499, -0.25988001, 0.36393401, 0.06651140, -0.72745198, -0.68292803, 0.44222301, 0.63503999, -0.63337398]
  cam_t_m2c: [245.58852496, 59.22999119, 957.44996640]
  obj_bb: [411, 231, 146, 100]
  obj_id: 8
136:
- cam_R_m2c: [0.88902098, -0.30329499, 0.34300601, -0.00325040, -0.75330198, -0.65766603, 0.45785400, 0.58356500, -0.67068797]
  cam_t_m2c: [292.34857600, 17.13820047, 940.97472215]
  obj_bb: [441, 204, 149, 104]
  obj_id: 8
137:
- cam_R_m2c: [0.78464001, -0.52937800, 0.32264400, -0.11666200, -0.63721699, -0.76180297, 0.60887599, 0.56010097, -0.56174397]
  cam_t_m2c: [200.82892431, -24.76415942, 930.94182499]
  obj_bb: [392, 170, 131, 121]
  obj_id: 8
138:
- cam_R_m2c: [0.98391998, -0.17844900, 0.00762258, -0.14672001, -0.83183903, -0.53527302, 0.10186000, 0.52554798, -0.84464401]
  cam_t_m2c: [-25.61805288, 13.69408868, 939.45154466]
  obj_bb: [236, 202, 147, 99]
  obj_id: 8
139:
- cam_R_m2c: [0.96632600, -0.25624201, -0.02355820, -0.22263800, -0.78665799, -0.57584900, 0.12902400, 0.56170201, -0.81721699]
  cam_t_m2c: [-14.62679497, 19.17918232, 934.95304915]
  obj_bb: [242, 199, 146, 109]
  obj_id: 8
140:
- cam_R_m2c: [0.99376500, -0.09300200, -0.06150180, -0.10974300, -0.91335702, -0.39209101, -0.01970790, 0.39639601, -0.91786802]
  cam_t_m2c: [-67.78181185, 68.56179288, 884.88996508]
  obj_bb: [199, 247, 156, 81]
  obj_id: 8
141:
- cam_R_m2c: [0.99035001, -0.13544200, -0.02936410, -0.13775900, -0.93892401, -0.31534800, 0.01514060, 0.31635001, -0.94852197]
  cam_t_m2c: [-67.39351938, 122.75964519, 872.08494474]
  obj_bb: [198, 289, 159, 69]
  obj_id: 8
142:
- cam_R_m2c: [0.97334301, -0.22784200, 0.02631530, -0.21096399, -0.93439400, -0.28705600, 0.08999220, 0.27385300, -0.95755202]
  cam_t_m2c: [-20.62386051, 126.11837548, 868.93161200]
  obj_bb: [232, 290, 161, 71]
  obj_id: 8
143:
- cam_R_m2c: [0.94888198, -0.31549901, 0.00908940, -0.29149699, -0.88701200, -0.35810599, 0.12104500, 0.33715099, -0.93363702]
  cam_t_m2c: [68.32914777, 92.95804702, 859.18902749]
  obj_bb: [294, 256, 162, 92]
  obj_id: 8
144:
- cam_R_m2c: [0.95310402, -0.29916301, -0.04576250, -0.29114801, -0.86508602, -0.40848401, 0.08261470, 0.40265200, -0.91161698]
  cam_t_m2c: [22.72003244, 75.46301641, 893.22483832]
  obj_bb: [263, 240, 153, 96]
  obj_id: 8
145:
- cam_R_m2c: [0.97106999, -0.21362101, -0.10671700, -0.23057200, -0.72252798, -0.65175903, 0.06212350, 0.65750998, -0.75088000]
  cam_t_m2c: [-92.51961969, 78.44294900, 926.82608454]
  obj_bb: [189, 232, 143, 115]
  obj_id: 8
146:
- cam_R_m2c: [0.79891998, -0.57040900, -0.19068199, -0.58410102, -0.66029400, -0.47205600, 0.14335901, 0.48851299, -0.86069900]
  cam_t_m2c: [-88.58321905, 55.60023323, 851.23956258]
  obj_bb: [183, 201, 136, 136]
  obj_id: 8
147:
- cam_R_m2c: [0.80008399, -0.57255203, -0.17902599, -0.58088398, -0.66491097, -0.46953800, 0.14979900, 0.47966301, -0.86457098]
  cam_t_m2c: [-84.33861320, 57.58565079, 850.71556453]
  obj_bb: [186, 203, 137, 136]
  obj_id: 8
148:
- cam_R_m2c: [0.80402201, -0.57374197, -0.15610300, -0.56315500, -0.65054500, -0.50955701, 0.19080199, 0.49760500, -0.84615803]
  cam_t_m2c: [1.06460682, -1.75773014, 853.07864727]
  obj_bb: [248, 159, 138, 144]
  obj_id: 8
149:
- cam_R_m2c: [0.79445302, -0.59153003, -0.13761400, -0.56848699, -0.64457601, -0.51121902, 0.21369800, 0.48437101, -0.84836203]
  cam_t_m2c: [9.48321910, -18.46796933, 864.21578285]
  obj_bb: [256, 148, 136, 144]
  obj_id: 8
150:
- cam_R_m2c: [0.80083603, -0.58553898, -0.12572201, -0.53839600, -0.61197102, -0.57932901, 0.26228100, 0.53163600, -0.80533999]
  cam_t_m2c: [42.35272407, 8.33259905, 890.59570567]
  obj_bb: [280, 168, 132, 142]
  obj_id: 8
151:
- cam_R_m2c: [0.82375598, -0.55234802, -0.12782000, -0.49144700, -0.58326501, -0.64674699, 0.28267601, 0.59557801, -0.75191802]
  cam_t_m2c: [8.77054746, -56.75336263, 888.18401951]
  obj_bb: [256, 124, 134, 149]
  obj_id: 8
152:
- cam_R_m2c: [0.84314400, -0.53621697, -0.03974130, -0.47005999, -0.69919503, -0.53867400, 0.26105899, 0.47286099, -0.84157598]
  cam_t_m2c: [80.03929785, -53.66486735, 862.16883382]
  obj_bb: [306, 129, 144, 141]
  obj_id: 8
153:
- cam_R_m2c: [0.79386503, -0.60734999, -0.03008270, -0.54990798, -0.69590598, -0.46186101, 0.25957701, 0.38319799, -0.88644201]
  cam_t_m2c: [63.33993775, -33.02354156, 849.90997613]
  obj_bb: [296, 141, 142, 140]
  obj_id: 8
154:
- cam_R_m2c: [0.82729602, -0.56041598, 0.03891540, -0.45848399, -0.71360397, -0.52968103, 0.32461199, 0.42036101, -0.84730399]
  cam_t_m2c: [122.53435571, -7.64384234, 859.56100182]
  obj_bb: [339, 163, 144, 136]
  obj_id: 8
155:
- cam_R_m2c: [0.81278002, -0.58217901, 0.02136710, -0.47988400, -0.68985897, -0.54203898, 0.33030400, 0.43030399, -0.84008199]
  cam_t_m2c: [90.44264897, -28.05142253, 865.33764633]
  obj_bb: [316, 147, 142, 140]
  obj_id: 8
156:
- cam_R_m2c: [0.95086199, -0.30957001, -0.00532374, -0.25501800, -0.77331799, -0.58047003, 0.17557900, 0.55330402, -0.81426400]
  cam_t_m2c: [-79.90941194, -43.54688153, 871.87389339]
  obj_bb: [191, 149, 155, 126]
  obj_id: 8
157:
- cam_R_m2c: [0.95612001, -0.29280299, -0.01006250, -0.24191000, -0.76962799, -0.59089100, 0.16527000, 0.56739700, -0.80668902]
  cam_t_m2c: [-74.55885877, -35.94699108, 865.28408513]
  obj_bb: [193, 154, 157, 126]
  obj_id: 8
158:
- cam_R_m2c: [0.99927402, 0.02650660, -0.02736560, 0.00317308, -0.77369797, -0.63354599, -0.03796590, 0.63299900, -0.77322102]
  cam_t_m2c: [-113.31409640, 14.49056745, 900.04059647]
  obj_bb: [173, 201, 151, 106]
  obj_id: 8
159:
- cam_R_m2c: [0.98308498, 0.18220000, -0.01863510, 0.12941600, -0.76305097, -0.63325000, -0.12959699, 0.62012702, -0.77372301]
  cam_t_m2c: [-118.04411954, 0.41459843, 894.18311624]
  obj_bb: [170, 192, 150, 108]
  obj_id: 8
160:
- cam_R_m2c: [0.99241900, 0.11039700, -0.05400930, 0.04448420, -0.73232299, -0.67950302, -0.11456700, 0.67194903, -0.73168302]
  cam_t_m2c: [-70.17742600, -74.83636465, 937.50864688]
  obj_bb: [207, 143, 144, 112]
  obj_id: 8
161:
- cam_R_m2c: [0.99123800, 0.10005500, -0.08623680, 0.01188410, -0.71776801, -0.69618100, -0.13155399, 0.68905598, -0.71266800]
  cam_t_m2c: [-103.90164689, -108.81608094, 930.10027652]
  obj_bb: [184, 118, 143, 117]
  obj_id: 8
162:
- cam_R_m2c: [0.95999801, 0.26873699, -0.07864480, 0.17016301, -0.78296798, -0.59833598, -0.22237100, 0.56101799, -0.79737699]
  cam_t_m2c: [-191.07916216, -101.69816580, 867.89081655]
  obj_bb: [116, 120, 143, 117]
  obj_id: 8
163:
- cam_R_m2c: [0.87462699, 0.48040399, -0.06510940, 0.36862001, -0.74623603, -0.55430299, -0.31487599, 0.46080801, -0.82976401]
  cam_t_m2c: [-194.12527160, -95.32182502, 897.72373738]
  obj_bb: [128, 124, 126, 118]
  obj_id: 8
164:
- cam_R_m2c: [0.99243599, -0.01437810, -0.12191800, -0.11816600, -0.38112301, -0.91694200, -0.03328190, 0.92441303, -0.37993899]
  cam_t_m2c: [43.31425996, -29.30026358, 906.04375513]
  obj_bb: [276, 152, 146, 142]
  obj_id: 8
165:
- cam_R_m2c: [0.99597502, -0.01308800, -0.08866840, -0.08464270, -0.46271500, -0.88245702, -0.02947870, 0.88641000, -0.46196100]
  cam_t_m2c: [-1.88034963, -59.23258193, 894.01113586]
  obj_bb: [246, 134, 150, 140]
  obj_id: 8
166:
- cam_R_m2c: [0.99772900, 0.00705377, -0.06698560, -0.04992390, -0.59015399, -0.80574501, -0.04521540, 0.80725998, -0.58846200]
  cam_t_m2c: [8.16363650, -86.83003512, 844.35287371]
  obj_bb: [248, 113, 162, 141]
  obj_id: 8
167:
- cam_R_m2c: [0.99405003, -0.09903330, -0.04534570, -0.09374280, -0.56587398, -0.81914502, 0.05546270, 0.81852299, -0.57179099]
  cam_t_m2c: [-47.09895708, -58.56512294, 926.66686230]
  obj_bb: [220, 142, 146, 129]
  obj_id: 8
168:
- cam_R_m2c: [0.88250500, -0.18019401, -0.43441400, -0.47014701, -0.31422701, -0.82475603, 0.01211190, 0.93208998, -0.36202401]
  cam_t_m2c: [-82.89262358, 61.10196830, 982.72012297]
  obj_bb: [201, 199, 126, 146]
  obj_id: 8
169:
- cam_R_m2c: [0.92071700, -0.09239720, -0.37913400, -0.37811100, -0.45148101, -0.80820602, -0.09649560, 0.88748401, -0.45062301]
  cam_t_m2c: [-74.48740659, 33.98093595, 941.95176759]
  obj_bb: [201, 186, 128, 145]
  obj_id: 8
170:
- cam_R_m2c: [0.91824102, -0.23793100, -0.31657800, -0.39601600, -0.55563700, -0.73105299, -0.00196196, 0.79665297, -0.60443300]
  cam_t_m2c: [44.95036679, -75.86380797, 885.35336871]
  obj_bb: [273, 109, 138, 155]
  obj_id: 8
171:
- cam_R_m2c: [0.88261497, -0.27776501, -0.37926000, -0.47004899, -0.50997901, -0.72039902, 0.00668735, 0.81410599, -0.58067799]
  cam_t_m2c: [104.80819794, -127.91134733, 840.23560719]
  obj_bb: [312, 59, 141, 173]
  obj_id: 8
172:
- cam_R_m2c: [0.89733100, -0.31652200, -0.30758801, -0.42337900, -0.42043301, -0.80248803, 0.12468500, 0.85032398, -0.51127601]
  cam_t_m2c: [4.36641288, -45.37143546, 861.92879145]
  obj_bb: [244, 123, 139, 165]
  obj_id: 8
173:
- cam_R_m2c: [0.86582202, -0.41430199, -0.28054601, -0.44534701, -0.38252199, -0.80953300, 0.22807600, 0.82585102, -0.51570398]
