0:
- cam_R_m2c: [0.79796083, 0.60237870, -0.02630684, 0.38035542, -0.53676251, -0.75330230, -0.46784284, 0.59102839, -0.65733923]
  cam_t_m2c: [183.63633301, -131.49685045, 1147.30061109]
  obj_bb: [397, 155, 32, 50]
  obj_id: 1
- cam_R_m2c: [-0.06894210, 0.99749202, -0.01604350, 0.69675398, 0.03663440, -0.71637398, -0.71398997, -0.06056670, -0.69753200]
  cam_t_m2c: [16.07958566, -104.70886953, 1030.66843587]
  obj_bb: [299, 143, 68, 119]
  obj_id: 2
- cam_R_m2c: [0.89421800, 0.44575600, -0.04179340, 0.29321500, -0.65362400, -0.69775200, -0.33833500, 0.61166600, -0.71515800]
  cam_t_m2c: [127.17500000, -25.73520000, 963.62800000]
  obj_bb: [368, 175, 65, 107]
  obj_id: 5
- cam_R_m2c: [0.43767701, -0.87971467, -0.18618649, -0.80190140, -0.28815846, -0.52350261, 0.40687085, 0.37841553, -0.83149655]
  cam_t_m2c: [171.35228541, -296.82250528, 1308.65669015]
  obj_bb: [370, 88, 60, 55]
  obj_id: 6
- cam_R_m2c: [0.29412883, 0.95668816, -0.01349529, 0.67531949, -0.21756661, -0.70606017, -0.67776532, 0.19826147, -0.70939544]
  cam_t_m2c: [117.81909817, -138.15322076, 1069.60944685]
  obj_bb: [357, 108, 65, 117]
  obj_id: 8
- cam_R_m2c: [-0.92941300, -0.36763500, -0.03276400, -0.24574300, 0.68259900, -0.68826000, 0.27538900, -0.63161500, -0.72474700]
  cam_t_m2c: [50.68630000, 55.12450000, 963.16400000]
  obj_bb: [326, 252, 60, 54]
  obj_id: 9
- cam_R_m2c: [-0.16336268, 0.98598792, 0.03377058, 0.71096248, 0.14138866, -0.68887090, -0.68399406, -0.08852691, -0.72409719]
  cam_t_m2c: [410.59555153, -135.18710539, 1175.12857344]
  obj_bb: [498, 146, 57, 64]
  obj_id: 10
- cam_R_m2c: [0.09409818, 0.99560544, 0.01487168, 0.67635234, -0.05295173, -0.73480894, -0.73071022, 0.07918466, -0.67822741]
  cam_t_m2c: [20.06463127, -185.24679628, 1157.90564027]
  obj_bb: [316, 112, 37, 77]
  obj_id: 11
- cam_R_m2c: [-0.58295700, 0.81247100, -0.00921610, 0.60303800, 0.42503300, -0.67507200, -0.54454800, -0.39908800, -0.73771500]
  cam_t_m2c: [-73.78200000, 30.04900000, 993.20500000]
  obj_bb: [245, 235, 74, 67]
  obj_id: 12
1:
- cam_R_m2c: [0.82511383, 0.56503837, 0.01454386, 0.40431702, -0.57205580, -0.71381391, -0.39497078, 0.59478631, -0.70036432]
  cam_t_m2c: [134.68106635, -79.72102300, 1145.48517134]
  obj_bb: [373, 181, 32, 49]
  obj_id: 1
- cam_R_m2c: [-0.02510460, 0.99931300, 0.02724900, 0.73721498, 0.03691630, -0.67464900, -0.67519099, 0.00315161, -0.73763603]
  cam_t_m2c: [-25.38269918, -45.68024636, 1020.52377915]
  obj_bb: [275, 180, 70, 115]
  obj_id: 2
- cam_R_m2c: [0.91324452, 0.40748897, 0.00262643, 0.30950512, -0.68941940, -0.65495414, -0.26506774, 0.59892404, -0.75570120]
  cam_t_m2c: [89.60005356, 36.69631002, 965.14202711]
  obj_bb: [346, 216, 64, 100]
  obj_id: 5
- cam_R_m2c: [0.41210204, -0.90124006, -0.13439513, -0.82554045, -0.30682828, -0.47379139, 0.38575202, 0.30619060, -0.87038307]
  cam_t_m2c: [112.54621357, -254.08871480, 1295.90164924]
  obj_bb: [344, 106, 61, 55]
  obj_id: 6
- cam_R_m2c: [0.33505328, 0.94274334, 0.03051909, 0.71256157, -0.23174039, -0.66367248, -0.61800289, 0.24377238, -0.74870089]
  cam_t_m2c: [73.77796346, -81.65011690, 1063.63646752]
  obj_bb: [333, 135, 68, 118]
  obj_id: 8
- cam_R_m2c: [-0.94451381, -0.32829910, 0.01222560, -0.25834995, 0.71925446, -0.64495060, 0.20294010, -0.61231156, -0.76414879]
  cam_t_m2c: [13.25271179, 117.68940857, 964.67128567]
  obj_bb: [303, 290, 60, 53]
  obj_id: 9
- cam_R_m2c: [-0.12119945, 0.98951113, 0.07859396, 0.74995945, 0.14315216, -0.64580959, -0.65028661, -0.01933016, -0.75944312]
  cam_t_m2c: [359.49604791, -85.74055801, 1186.96303025]
  obj_bb: [472, 169, 55, 66]
  obj_id: 10
- cam_R_m2c: [0.13866416, 0.98885637, 0.05692355, 0.71729965, -0.06061954, -0.69427091, -0.68300514, 0.13708087, -0.71756956]
  cam_t_m2c: [-29.21147843, -133.47560463, 1142.86536184]
  obj_bb: [291, 139, 38, 73]
  obj_id: 11
- cam_R_m2c: [-0.56358700, 0.82570100, 0.02548630, 0.63438300, 0.45236200, -0.62688300, -0.52912800, -0.33712300, -0.77873300]
  cam_t_m2c: [-113.08800000, 93.24940000, 984.78400000]
  obj_bb: [221, 269, 76, 71]
  obj_id: 12
2:
- cam_R_m2c: [0.83343217, 0.55285330, 0.00611839, 0.42165659, -0.62842938, -0.65386275, -0.35760977, 0.54746533, -0.75675529]
  cam_t_m2c: [141.64102137, -88.46186491, 1143.99746504]
  obj_bb: [376, 177, 32, 48]
  obj_id: 1
- cam_R_m2c: [-0.00992553, 0.99975801, 0.01963440, 0.79062498, 0.01986800, -0.61197901, -0.61222100, 0.00944924, -0.79063100]
  cam_t_m2c: [-17.26473420, -41.58306910, 1021.74064072]
  obj_bb: [281, 182, 69, 114]
  obj_id: 2
- cam_R_m2c: [0.91939906, 0.39338923, -0.00457909, 0.31501407, -0.74309252, -0.59045576, -0.23567437, 0.54140234, -0.80709213]
  cam_t_m2c: [99.30429283, 43.14549292, 973.71493383]
  obj_bb: [352, 223, 63, 93]
  obj_id: 5
- cam_R_m2c: [0.39676400, -0.90754300, -0.13808900, -0.86125600, -0.31593300, -0.39820600, 0.31775400, 0.27691700, -0.90690200]
  cam_t_m2c: [115.96300000, -274.23000000, 1279.46000000]
  obj_bb: [346, 96, 61, 54]
  obj_id: 6
- cam_R_m2c: [0.34951278, 0.93769138, 0.02313465, 0.75534592, -0.26670953, -0.60018468, -0.55608216, 0.22692613, -0.80074297]
  cam_t_m2c: [81.09415760, -82.62920408, 1062.06950623]
  obj_bb: [336, 133, 69, 118]
  obj_id: 8
- cam_R_m2c: [-0.94954009, -0.31366113, 0.00522132, -0.25840267, 0.77260442, -0.57995200, 0.17787173, -0.55202679, -0.81465520]
  cam_t_m2c: [24.29385267, 125.16374226, 979.67073446]
  obj_bb: [310, 295, 59, 50]
  obj_id: 9
- cam_R_m2c: [-0.10591360, 0.99179794, 0.07154430, 0.80287557, 0.12774295, -0.58230177, -0.58666527, -0.00423331, -0.80981944]
  cam_t_m2c: [366.13321260, -101.62315497, 1185.57278446]
  obj_bb: [476, 161, 54, 67]
  obj_id: 10
- cam_R_m2c: [0.15353035, 0.98708860, 0.04889107, 0.76869351, -0.08817693, -0.63367855, -0.62111444, 0.13485044, -0.77215292]
  cam_t_m2c: [-23.09437121, -139.07865957, 1136.42110409]
  obj_bb: [294, 137, 38, 70]
  obj_id: 11
- cam_R_m2c: [-0.55068800, 0.83453600, 0.01884300, 0.68510600, 0.46475900, -0.56096800, -0.47689000, -0.29599800, -0.82765800]
  cam_t_m2c: [-102.57900000, 101.06000000, 997.60000000]
  obj_bb: [229, 272, 74, 71]
  obj_id: 12
3:
- cam_R_m2c: [0.87547542, 0.47867615, -0.06858282, 0.37463110, -0.76110463, -0.52974822, -0.30574968, 0.43803819, -0.84552592]
  cam_t_m2c: [161.68945982, -113.74032768, 1112.83112737]
  obj_bb: [388, 164, 35, 46]
  obj_id: 1
- cam_R_m2c: [0.07906060, 0.99559301, -0.05044420, 0.86946601, -0.09362060, -0.48504099, -0.48762599, -0.00551188, -0.87303501]
  cam_t_m2c: [9.00061399, -31.62683080, 1001.74691234]
  obj_bb: [298, 181, 70, 119]
  obj_id: 2
- cam_R_m2c: [0.94893088, 0.30725587, -0.07208124, 0.24200515, -0.85502122, -0.45872652, -0.20257109, 0.41784038, -0.88568011]
  cam_t_m2c: [134.36598053, 45.77287271, 964.78389285]
  obj_bb: [376, 226, 61, 92]
  obj_id: 5
- cam_R_m2c: [0.29703922, -0.93721834, -0.18306752, -0.93800115, -0.25040691, -0.23999963, 0.17908860, 0.24300114, -0.95341102]
  cam_t_m2c: [115.27539864, -313.64749189, 1219.61180900]
  obj_bb: [346, 73, 66, 51]
  obj_id: 6
- cam_R_m2c: [0.43224790, 0.90168944, -0.04564078, 0.78623622, -0.40077365, -0.47233169, -0.44376608, 0.16802271, -0.88134225]
  cam_t_m2c: [102.11878127, -88.97942407, 1033.77192240]
  obj_bb: [342, 126, 80, 117]
  obj_id: 8
- cam_R_m2c: [-0.97252357, -0.22470979, -0.06116191, -0.17436893, 0.87669435, -0.44837068, 0.15437147, -0.42537857, -0.89177123]
  cam_t_m2c: [69.12369034, 133.83815547, 984.19986424]
  obj_bb: [336, 302, 59, 45]
  obj_id: 9
- cam_R_m2c: [-0.01490196, 0.99987889, 0.00447346, 0.88840196, 0.01529312, -0.45881469, -0.45882761, -0.00286390, -0.88852059]
  cam_t_m2c: [383.28729637, -157.98110080, 1147.98292114]
  obj_bb: [488, 130, 60, 68]
  obj_id: 10
- cam_R_m2c: [0.23897695, 0.97089011, -0.02381454, 0.83098555, -0.21712037, -0.51239421, -0.50259060, 0.10264193, -0.85851171]
  cam_t_m2c: [-7.72225221, -143.92245167, 1100.75075443]
  obj_bb: [302, 136, 39, 65]
  obj_id: 11
- cam_R_m2c: [-0.47004900, 0.88150500, -0.04549110, 0.80597600, 0.40762800, -0.42929600, -0.35987200, -0.23844500, -0.90204800]
  cam_t_m2c: [-59.33670000, 120.60700000, 1000.97000000]
  obj_bb: [254, 281, 73, 71]
  obj_id: 12
4:
- cam_R_m2c: [0.88379449, 0.46770911, 0.02118505, 0.40241224, -0.73573952, -0.54498820, -0.23929014, 0.49012595, -0.83832636]
  cam_t_m2c: [59.22001766, -52.74549964, 1079.29189608]
  obj_bb: [336, 194, 35, 47]
  obj_id: 1
- cam_R_m2c: [0.08794510, 0.99532503, 0.03992520, 0.86415702, -0.05629640, -0.50006402, -0.49547800, 0.07847980, -0.86506802]
  cam_t_m2c: [-86.55730734, 21.85327014, 954.47440521]
  obj_bb: [238, 208, 73, 126]
  obj_id: 2
- cam_R_m2c: [0.95314544, 0.30206538, 0.01848027, 0.27424906, -0.83631969, -0.47477851, -0.12795375, 0.45758413, -0.87994317]
  cam_t_m2c: [38.57493465, 103.31722847, 926.55948387]
  obj_bb: [319, 260, 63, 98]
  obj_id: 5
- cam_R_m2c: [0.31475551, -0.94454288, -0.09430372, -0.92331473, -0.28157810, -0.26144324, 0.22038516, 0.16936201, -0.96065670]
  cam_t_m2c: [11.32358934, -252.57349755, 1185.56475293]
  obj_bb: [297, 98, 66, 53]
  obj_id: 6
- cam_R_m2c: [0.43902907, 0.89844894, 0.04494161, 0.79491927, -0.36402812, -0.48731379, -0.42105838, 0.24933426, -0.87318449]
  cam_t_m2c: [5.58132551, -31.46406985, 995.13658478]
  obj_bb: [289, 154, 80, 121]
  obj_id: 8
- cam_R_m2c: [-0.97506988, -0.22001430, 0.02948786, -0.20830025, 0.86095344, -0.46411615, 0.07672345, -0.45867920, -0.88530265]
  cam_t_m2c: [-31.19194535, 189.16446790, 938.88280130]
  obj_bb: [276, 339, 61, 47]
  obj_id: 9
- cam_R_m2c: [-0.00871011, 0.99544290, 0.09495892, 0.88000032, 0.05272937, -0.47204000, -0.47489553, 0.07945139, -0.87644849]
  cam_t_m2c: [278.57498134, -88.09560544, 1133.44209370]
  obj_bb: [439, 163, 57, 71]
  obj_id: 10
- cam_R_m2c: [0.24983606, 0.96617894, 0.06622333, 0.83147282, -0.17894453, -0.52617104, -0.49646600, 0.18649643, -0.84788973]
  cam_t_m2c: [-107.39873767, -89.44256078, 1053.82170726]
  obj_bb: [247, 162, 41, 65]
  obj_id: 11
- cam_R_m2c: [-0.46724200, 0.88300700, 0.04526110, 0.78210900, 0.43665100, -0.44462900, -0.41236000, -0.17234200, -0.89460200]
  cam_t_m2c: [-159.72200000, 171.90300000, 945.88000000]
  obj_bb: [188, 314, 79, 76]
  obj_id: 12
5:
- cam_R_m2c: [0.82985678, 0.55641770, 0.04505760, 0.51594846, -0.73367811, -0.44246624, -0.21312442, 0.39038807, -0.89579336]
  cam_t_m2c: [55.48922419, -95.47825526, 1029.22437440]
  obj_bb: [334, 169, 36, 49]
  obj_id: 1
- cam_R_m2c: [-0.01694640, 0.99815899, 0.05822870, 0.91867399, 0.03853070, -0.39313200, -0.39465201, 0.04683100, -0.91763699]
  cam_t_m2c: [-101.45604653, -22.84379060, 917.47510030]
  obj_bb: [223, 176, 76, 131]
  obj_id: 2
- cam_R_m2c: [0.91567306, 0.40058398, 0.03383716, 0.38398113, -0.84656987, -0.36869367, -0.11904299, 0.35058296, -0.92896531]
  cam_t_m2c: [13.80862446, 73.74010096, 896.04464156]
  obj_bb: [297, 242, 71, 100]
  obj_id: 5
- cam_R_m2c: [0.41327313, -0.90488113, -0.10256571, -0.90465061, -0.39497527, -0.16047579, 0.10470051, 0.15910578, -0.98175122]
  cam_t_m2c: [31.70244968, -309.83340058, 1112.92163773]
  obj_bb: [306, 59, 70, 58]
  obj_id: 6
- cam_R_m2c: [0.34177239, 0.93880419, 0.06164708, 0.87822467, -0.29477040, -0.37910239, -0.33741003, 0.18344103, -0.92435221]
  cam_t_m2c: [-3.03225121, -70.56303742, 949.43343632]
  obj_bb: [288, 123, 71, 126]
  obj_id: 8
- cam_R_m2c: [-0.94592779, -0.32150047, 0.04352166, -0.31533039, 0.87952611, -0.35641669, 0.07630900, -0.35086194, -0.93333142]
  cam_t_m2c: [-63.69525219, 149.98460211, 919.89715200]
  obj_bb: [255, 316, 62, 47]
  obj_id: 9
- cam_R_m2c: [-0.11388851, 0.98741387, 0.10973527, 0.92202646, 0.14618418, -0.35846733, -0.36999723, 0.06035257, -0.92707101]
  cam_t_m2c: [279.10208170, -113.79182913, 1073.49991169]
  obj_bb: [445, 143, 59, 77]
  obj_id: 10
- cam_R_m2c: [0.14725715, 0.98536509, 0.08761177, 0.90323017, -0.09780333, -0.41813833, -0.40340227, 0.14068719, -0.90423630]
  cam_t_m2c: [-107.44231324, -146.12773349, 1003.82502462]
  obj_bb: [243, 128, 42, 63]
  obj_id: 11
- cam_R_m2c: [-0.49305400, 0.86432300, 0.09962910, 0.78804800, 0.49218800, -0.36987500, -0.36871500, -0.10385400, -0.92376900]
  cam_t_m2c: [-188.83200000, 119.67700000, 925.57400000]
  obj_bb: [167, 282, 81, 78]
  obj_id: 12
6:
- cam_R_m2c: [0.82382943, 0.56248847, 0.07215716, 0.52745362, -0.71327875, -0.46183097, -0.20829240, 0.41848247, -0.88416993]
  cam_t_m2c: [28.68814200, -61.81923981, 1072.20651345]
  obj_bb: [320, 190, 34, 47]
  obj_id: 1
- cam_R_m2c: [-0.02676330, 0.99603802, 0.08480880, 0.90889198, 0.05956620, -0.41275501, -0.41617101, 0.06603540, -0.90688503]
  cam_t_m2c: [-127.31001976, 5.08591421, 955.65736986]
  obj_bb: [211, 195, 73, 126]
  obj_id: 2
- cam_R_m2c: [0.91025148, 0.40974517, 0.06018287, 0.39941521, -0.83014783, -0.38907514, -0.10945656, 0.37818008, -0.91926800]
  cam_t_m2c: [-13.53821288, 103.44310052, 934.31437255]
  obj_bb: [281, 261, 69, 95]
  obj_id: 5
- cam_R_m2c: [0.42863377, -0.90007490, -0.07914740, -0.89356672, -0.40927270, -0.18489043, 0.13402085, 0.14997357, -0.97962102]
  cam_t_m2c: [7.37604652, -274.63898163, 1160.36955616]
  obj_bb: [295, 84, 67, 55]
  obj_id: 6
- cam_R_m2c: [0.33142160, 0.94040672, 0.08808997, 0.87695098, -0.27164749, -0.39881689, -0.35078380, 0.20913526, -0.91385438]
  cam_t_m2c: [-28.65187080, -39.91052969, 990.69423087]
  obj_bb: [276, 146, 66, 120]
  obj_id: 8
- cam_R_m2c: [-0.94095512, -0.33133207, 0.06971347, -0.33237843, 0.86466573, -0.37670973, 0.06453638, -0.37763105, -0.92372231]
  cam_t_m2c: [-92.99315689, 178.64587548, 954.81996191]
  obj_bb: [240, 330, 60, 46]
  obj_id: 9
- cam_R_m2c: [-0.12424016, 0.98291385, 0.13581142, 0.91086556, 0.16726388, -0.37729076, -0.39356022, 0.07683035, -0.91608233]
  cam_t_m2c: [251.65612545, -74.63584424, 1121.39493154]
  obj_bb: [426, 167, 56, 75]
  obj_id: 10
- cam_R_m2c: [0.13785639, 0.98397961, 0.11439263, 0.89654268, -0.07481620, -0.43685531, -0.42124765, 0.16275971, -0.89231676]
  cam_t_m2c: [-132.66391641, -116.28765654, 1044.71245074]
  obj_bb: [232, 149, 41, 60]
  obj_id: 11
- cam_R_m2c: [-0.50066000, 0.85649300, 0.12586400, 0.76938700, 0.50689100, -0.38882100, -0.39680700, -0.09782640, -0.91272000]
  cam_t_m2c: [-217.96000000, 146.02100000, 958.76300000]
  obj_bb: [155, 296, 79, 76]
  obj_id: 12
7:
- cam_R_m2c: [0.83810936, 0.53807684, 0.09133187, 0.51578802, -0.72619853, -0.45482065, -0.17839335, 0.42824938, -0.88602961]
  cam_t_m2c: [10.58076620, -45.95063434, 1100.10863277]
  obj_bb: [310, 200, 33, 45]
  obj_id: 1
- cam_R_m2c: [0.00041239, 0.99442500, 0.10545000, 0.91298801, 0.04264780, -0.40575200, -0.40798700, 0.09644180, -0.90788001]
  cam_t_m2c: [-140.73842173, 24.56511477, 979.58581808]
  obj_bb: [206, 207, 72, 123]
  obj_id: 2
- cam_R_m2c: [0.91944317, 0.38475746, 0.08159247, 0.38545100, -0.84017745, -0.38155966, -0.07825223, 0.38225836, -0.92076645]
  cam_t_m2c: [-24.80744221, 121.23868294, 962.61527075]
  obj_bb: [276, 270, 66, 94]
  obj_id: 5
- cam_R_m2c: [0.40997287, -0.91065207, -0.05255366, -0.90165475, -0.39584497, -0.17457674, 0.13817384, 0.11895906, -0.98329455]
  cam_t_m2c: [-16.79871068, -259.19291682, 1185.53308875]
  obj_bb: [284, 95, 65, 53]
  obj_id: 6
- cam_R_m2c: [0.35590412, 0.92918657, 0.10916346, 0.87459037, -0.28890987, -0.39180611, -0.33220149, 0.23460315, -0.91461290]
  cam_t_m2c: [-43.91700770, -22.35958712, 1017.12920273]
  obj_bb: [268, 158, 66, 116]
  obj_id: 8
- cam_R_m2c: [-0.94769699, -0.30585147, 0.09145063, -0.31751141, 0.87340087, -0.36931154, 0.03308134, -0.37902513, -0.92481335]
  cam_t_m2c: [-103.62442373, 197.54061387, 981.45491625]
  obj_bb: [236, 338, 58, 45]
  obj_id: 9
- cam_R_m2c: [-0.09765726, 0.98271539, 0.15727043, 0.91634922, 0.15044237, -0.37104438, -0.38829097, 0.10787829, -0.91520099]
  cam_t_m2c: [231.73022106, -62.86551591, 1155.83399385]
  obj_bb: [413, 175, 54, 72]
  obj_id: 10
- cam_R_m2c: [0.16489041, 0.97729742, 0.13418992, 0.89799307, -0.09240089, -0.43046591, -0.40824472, 0.19145845, -0.89266480]
  cam_t_m2c: [-150.72468576, -97.51643715, 1067.26428167]
  obj_bb: [224, 163, 40, 56]
  obj_id: 11
- cam_R_m2c: [-0.47603500, 0.86709500, 0.14704200, 0.78108600, 0.49368100, -0.38244000, -0.40418800, -0.06720140, -0.91225000]
  cam_t_m2c: [-229.31300000, 166.71400000, 981.61700000]
  obj_bb: [152, 307, 77, 73]
  obj_id: 12
8:
- cam_R_m2c: [0.89556014, 0.43540977, 0.09319581, 0.43772791, -0.82255369, -0.36341162, -0.08157829, 0.36621224, -0.92709042]
  cam_t_m2c: [-24.87779034, -15.64017889, 1097.18626032]
  obj_bb: [292, 218, 34, 40]
  obj_id: 1
- cam_R_m2c: [0.11751900, 0.98656303, 0.11350600, 0.94629699, -0.07658510, -0.31409600, -0.30118299, 0.14432199, -0.94258100]
  cam_t_m2c: [-161.13265895, 83.56864979, 978.91730221]
  obj_bb: [197, 236, 72, 124]
  obj_id: 2
- cam_R_m2c: [0.95727271, 0.27394454, 0.09303266, 0.28923541, -0.91350467, -0.28619722, 0.00658449, 0.30086648, -0.95367206]
  cam_t_m2c: [-35.06928638, 168.30972002, 978.15874479]
  obj_bb: [276, 292, 60, 102]
  obj_id: 5
- cam_R_m2c: [0.30626618, -0.95188975, -0.01530894, -0.95056363, -0.30487193, -0.06029099, 0.05272463, 0.03302466, -0.99811630]
  cam_t_m2c: [-78.86941560, -232.62282163, 1156.53814228]
  obj_bb: [251, 106, 69, 49]
  obj_id: 6
- cam_R_m2c: [0.46235101, 0.87980556, 0.11901059, 0.86143803, -0.41206849, -0.29999073, -0.21468458, 0.24090753, -0.94751563]
  cam_t_m2c: [-71.92675656, 22.59198434, 1015.10816369]
  obj_bb: [245, 186, 79, 118]
  obj_id: 8
- cam_R_m2c: [-0.97578918, -0.19233277, 0.10431400, -0.21413325, 0.93739175, -0.27472958, -0.04494170, -0.29041038, -0.95586327]
  cam_t_m2c: [-106.51005188, 250.24837343, 1002.06058522]
  obj_bb: [235, 364, 59, 44]
  obj_id: 9
- cam_R_m2c: [0.01937527, 0.98543226, 0.16896244, 0.95816396, 0.02996707, -0.28464996, -0.28556668, 0.16740704, -0.94362351]
  cam_t_m2c: [189.88144071, -62.47030265, 1160.30438220]
  obj_bb: [393, 176, 53, 71]
  obj_id: 10
- cam_R_m2c: [0.27932400, 0.95029500, 0.13864400, 0.91359800, -0.21845700, -0.34329400, -0.29590600, 0.22253100, -0.92902300]
  cam_t_m2c: [-188.56000000, -45.47270000, 1051.63000000]
  obj_bb: [202, 195, 42, 48]
  obj_id: 11
- cam_R_m2c: [-0.36947100, 0.91585100, 0.15746300, 0.86742900, 0.40068500, -0.29511600, -0.33336400, 0.02754820, -0.94244000]
  cam_t_m2c: [-234.33600000, 232.43900000, 993.95600000]
  obj_bb: [152, 344, 75, 69]
  obj_id: 12
9:
- cam_R_m2c: [0.86086743, 0.50630772, 0.05341264, 0.49824363, -0.81627930, -0.29276602, -0.10463151, 0.27861756, -0.95482249]
  cam_t_m2c: [-3.76357195, -15.47246335, 1067.07849463]
  obj_bb: [303, 217, 34, 41]
  obj_id: 1
- cam_R_m2c: [0.04142660, 0.99670601, 0.06971540, 0.97016197, -0.02344400, -0.24132000, -0.23889101, 0.07763230, -0.96793801]
  cam_t_m2c: [-153.10765163, 82.71020039, 964.84440837]
  obj_bb: [199, 233, 72, 126]
  obj_id: 2
- cam_R_m2c: [0.93689280, 0.34655141, 0.04694699, 0.34830935, -0.91263577, -0.21408687, -0.03134452, 0.21692080, -0.97571402]
  cam_t_m2c: [-32.58860460, 175.13870180, 962.45792366]
  obj_bb: [274, 297, 63, 103]
  obj_id: 5
- cam_R_m2c: [0.36464188, -0.92800722, -0.07722440, -0.93057920, -0.36623415, 0.00698629, -0.03476003, 0.06931965, -0.99704255]
  cam_t_m2c: [-40.83926185, -238.98311636, 1113.84981710]
  obj_bb: [268, 98, 72, 50]
  obj_id: 6
- cam_R_m2c: [0.39560006, 0.91651019, 0.07404188, 0.90167395, -0.37082690, -0.22659040, -0.18004783, 0.15617325, -0.97217237]
  cam_t_m2c: [-58.27461266, 25.19714045, 991.00846639]
  obj_bb: [254, 186, 72, 128]
  obj_id: 8
- cam_R_m2c: [-0.96228854, -0.26598191, 0.05736349, -0.27209644, 0.94088854, -0.20180352, -0.00029588, -0.20979825, -0.97776164]
  cam_t_m2c: [-107.01767999, 250.55731153, 996.53665937]
  obj_bb: [236, 363, 57, 45]
  obj_id: 9
- cam_R_m2c: [-0.05600893, 0.99080579, 0.12314862, 0.97468234, 0.08100094, -0.20840985, -0.21646884, 0.10835693, -0.97025749]
  cam_t_m2c: [217.06530274, -52.76292930, 1113.36514070]
  obj_bb: [409, 177, 56, 76]
  obj_id: 10
- cam_R_m2c: [0.20487623, 0.97408916, 0.09736891, 0.94751897, -0.17232943, -0.26971858, -0.24591954, 0.14749818, -0.95808586]
  cam_t_m2c: [-168.03659167, -52.46478490, 1029.62015989]
  obj_bb: [212, 194, 42, 42]
  obj_id: 11
- cam_R_m2c: [-0.44111900, 0.89043100, 0.11239000, 0.86290800, 0.45521700, -0.21964200, -0.24673000, 0.00009289, -0.96912700]
  cam_t_m2c: [-234.07000000, 225.79400000, 994.74500000]
  obj_bb: [152, 339, 76, 70]
  obj_id: 12
10:
- cam_R_m2c: [0.85729081, 0.51145753, 0.06130607, 0.50108572, -0.80043306, -0.32937732, -0.11939035, 0.31305955, -0.94233957]
  cam_t_m2c: [0.42288753, -26.25010098, 1076.80106724]
  obj_bb: [305, 212, 34, 41]
  obj_id: 1
- cam_R_m2c: [0.03474550, 0.99640602, 0.07725640, 0.96040702, -0.01190860, -0.27834600, -0.27642599, 0.08386880, -0.95736903]
  cam_t_m2c: [-149.14252228, 66.58906858, 970.00043802]
  obj_bb: [201, 225, 73, 125]
  obj_id: 2
- cam_R_m2c: [0.93413633, 0.35286174, 0.05430778, 0.35478134, -0.90048254, -0.25163221, -0.03988590, 0.25431721, -0.96632699]
  cam_t_m2c: [-29.38262425, 159.87637968, 964.65128376]
  obj_bb: [275, 289, 64, 101]
  obj_id: 5
- cam_R_m2c: [0.37254138, -0.92531998, -0.07156896, -0.92808950, -0.37113269, -0.03262589, 0.00363194, 0.07858047, -0.99695573]
  cam_t_m2c: [-35.06486731, -248.07059105, 1132.07771550]
  obj_bb: [272, 95, 70, 51]
  obj_id: 6
- cam_R_m2c: [0.38913234, 0.91864581, 0.08148473, 0.89728711, -0.35662830, -0.26375676, -0.21303822, 0.17550243, -0.96215282]
  cam_t_m2c: [-53.98714701, 10.95133973, 998.90541178]
  obj_bb: [257, 178, 72, 124]
  obj_id: 8
- cam_R_m2c: [-0.95998177, -0.27257141, 0.06463359, -0.28008154, 0.92967677, -0.23935000, 0.00515225, -0.24787032, -0.96879722]
  cam_t_m2c: [-104.62868492, 235.93244884, 995.35195279]
  obj_bb: [237, 356, 58, 45]
  obj_id: 9
- cam_R_m2c: [-0.06285105, 0.98946383, 0.13042726, 0.96497027, 0.09360289, -0.24509794, -0.25472405, 0.11045261, -0.96068543]
  cam_t_m2c: [221.28495461, -59.82288672, 1125.70214057]
  obj_bb: [410, 174, 55, 75]
  obj_id: 10
- cam_R_m2c: [0.19841501, 0.97462514, 0.10508766, 0.93889878, -0.15813825, -0.30610162, -0.28168118, 0.15938133, -0.94626455]
  cam_t_m2c: [-163.32057106, -66.07445234, 1039.93203729]
  obj_bb: [216, 184, 41, 46]
  obj_id: 11
- cam_R_m2c: [-0.40840400, 0.90765800, 0.09738180, 0.87084000, 0.41937900, -0.25663100, -0.27375700, -0.02000540, -0.96164900]
  cam_t_m2c: [-232.18700000, 213.95600000, 993.09600000]
  obj_bb: [152, 333, 76, 69]
  obj_id: 12
11:
- cam_R_m2c: [0.72970257, 0.68333623, 0.02966444, 0.57253722, -0.58651006, -0.57311624, -0.37419742, 0.43513843, -0.81908995]
  cam_t_m2c: [74.58283060, 0.45929577, 1087.58052524]
  obj_bb: [344, 223, 35, 48]
  obj_id: 1
- cam_R_m2c: [-0.17685699, 0.98364902, 0.03400740, 0.83325100, 0.16802700, -0.52674401, -0.52384597, -0.06482200, -0.84934300]
  cam_t_m2c: [-99.77294132, 34.13247431, 983.36094948]
  obj_bb: [227, 218, 71, 121]
  obj_id: 2
- cam_R_m2c: [0.84055595, 0.54175985, 0.00560733, 0.46916215, -0.72265535, -0.50765576, -0.27096819, 0.42932835, -0.86157354]
  cam_t_m2c: [-1.16515059, 139.38110086, 935.68589398]
  obj_bb: [283, 287, 77, 86]
  obj_id: 5
- cam_R_m2c: [0.54147814, -0.82499818, -0.16218801, -0.81788631, -0.47209370, -0.32914095, 0.19497083, 0.31086461, -0.93030501]
  cam_t_m2c: [87.76385613, -198.73604079, 1204.48519898]
  obj_bb: [335, 125, 64, 56]
  obj_id: 6
- cam_R_m2c: [0.18755809, 0.98261802, 0.03487695, 0.84704035, -0.14340131, -0.51367868, -0.49927766, 0.12566789, -0.85840671]
  cam_t_m2c: [6.64124518, 4.70175460, 1011.56693161]
  obj_bb: [304, 173, 49, 121]
  obj_id: 8
- cam_R_m2c: [-0.88349936, -0.46828865, 0.01310102, -0.41260867, 0.76459694, -0.49515461, 0.22185566, -0.44286674, -0.86872497]
  cam_t_m2c: [-86.14535660, 208.37363297, 955.87043872]
  obj_bb: [246, 347, 58, 49]
  obj_id: 9
- cam_R_m2c: [-0.27089633, 0.95934020, 0.07925453, 0.82862007, 0.27429898, -0.48800633, -0.48990428, -0.06652841, -0.86923424]
  cam_t_m2c: [301.52203801, 17.20693703, 1110.30908160]
  obj_bb: [450, 214, 62, 76]
  obj_id: 10
- cam_R_m2c: [-0.01342867, 0.99777553, 0.06758698, 0.83689478, 0.04821847, -0.54543823, -0.54742182, 0.04922193, -0.83551552]
  cam_t_m2c: [-81.36413188, -73.28150894, 1087.35359590]
  obj_bb: [262, 173, 40, 63]
  obj_id: 11
- cam_R_m2c: [-0.59226100, 0.80432100, 0.04909040, 0.68040100, 0.53180400, -0.50432600, -0.43171900, -0.26528000, -0.86218100]
  cam_t_m2c: [-207.46000000, 168.31700000, 976.28800000]
  obj_bb: [163, 309, 79, 76]
  obj_id: 12
12:
- cam_R_m2c: [0.70670098, 0.70736870, 0.02229498, 0.54308225, -0.52183381, -0.65802859, -0.45378767, 0.47708120, -0.75282999]
  cam_t_m2c: [85.32939344, -7.64780992, 1110.17494603]
  obj_bb: [350, 218, 34, 50]
  obj_id: 1
- cam_R_m2c: [-0.20909300, 0.97758102, 0.02480810, 0.76764101, 0.17980000, -0.61514097, -0.60581100, -0.10957800, -0.78802699]
  cam_t_m2c: [-92.31602491, 10.97366371, 1007.75186557]
  obj_bb: [233, 210, 69, 115]
  obj_id: 2
- cam_R_m2c: [0.82246158, 0.56886475, -0.00432208, 0.45379708, -0.66063289, -0.59807208, -0.34306829, 0.48991206, -0.80146558]
  cam_t_m2c: [2.61382462, 112.38535587, 946.28730639]
  obj_bb: [284, 265, 79, 94]
  obj_id: 5
- cam_R_m2c: [0.56489598, -0.80584418, -0.17785674, -0.78075721, -0.45206057, -0.43150725, 0.26732065, 0.38260575, -0.88446358]
  cam_t_m2c: [106.02468325, -192.65048859, 1247.52449459]
  obj_bb: [343, 130, 62, 57]
  obj_id: 6
- cam_R_m2c: [0.15540943, 0.98850427, 0.02514875, 0.79136921, -0.10903691, -0.60312330, -0.59288742, 0.11342173, -0.79847058]
  cam_t_m2c: [15.42208365, -13.06386896, 1036.04152957]
  obj_bb: [311, 166, 45, 121]
  obj_id: 8
- cam_R_m2c: [-0.86791515, -0.49674203, 0.00269985, -0.40379455, 0.70232850, -0.58627361, 0.28932642, -0.50991677, -0.81012960]
  cam_t_m2c: [-83.39976986, 181.43409552, 961.21883503]
  obj_bb: [248, 329, 57, 52]
  obj_id: 9
- cam_R_m2c: [-0.30211936, 0.95079556, 0.06863753, 0.76482991, 0.28474471, -0.57788964, -0.56899970, -0.12209631, -0.81322397]
  cam_t_m2c: [312.32143408, 16.04662828, 1124.72312344]
  obj_bb: [454, 215, 61, 74]
  obj_id: 10
- cam_R_m2c: [-0.04643506, 0.99732082, 0.05914578, 0.77199774, 0.07340574, -0.63154024, -0.63411860, 0.01631977, -0.77318619]
  cam_t_m2c: [-68.83415443, -84.10802998, 1122.20159415]
  obj_bb: [271, 166, 38, 68]
  obj_id: 11
- cam_R_m2c: [-0.61842300, 0.78494800, 0.03904380, 0.61735800, 0.51594200, -0.59395100, -0.48633400, -0.34319400, -0.80362300]
  cam_t_m2c: [-203.40100000, 141.50200000, 988.56800000]
  obj_bb: [168, 295, 77, 74]
  obj_id: 12
13:
- cam_R_m2c: [0.75570200, 0.65329600, -0.04910220, 0.39858400, -0.51797400, -0.75702200, -0.51993600, 0.55244500, -0.65173500]
  cam_t_m2c: [132.65700000, -3.02346000, 1099.43000000]
  obj_bb: [375, 219, 33, 51]
  obj_id: 1
- cam_R_m2c: [-0.13333300, 0.99016201, -0.04243810, 0.69113702, 0.06220620, -0.72004199, -0.71031898, -0.12533601, -0.69263202]
  cam_t_m2c: [-42.75302718, 18.82084359, 993.83819838]
  obj_bb: [262, 216, 71, 118]
  obj_id: 2
- cam_R_m2c: [0.86240460, 0.50145944, -0.06975598, 0.31462240, -0.63875602, -0.70218330, -0.39666325, 0.58359838, -0.70861046]
  cam_t_m2c: [61.65297780, 100.31379816, 919.46089097]
  obj_bb: [324, 254, 73, 106]
  obj_id: 5
- cam_R_m2c: [0.48401201, -0.84547100, -0.22590727, -0.78821943, -0.30898999, -0.53232634, 0.38025429, 0.43570032, -0.81590557]
  cam_t_m2c: [135.19927425, -167.80015689, 1261.79208810]
  obj_bb: [355, 142, 64, 56]
  obj_id: 6
- cam_R_m2c: [0.23175934, 0.97290411, -0.04093571, 0.67931488, -0.19166568, -0.70972519, -0.69767698, 0.13643948, -0.70467011]
  cam_t_m2c: [62.13883411, -11.77573659, 1026.19944531]
  obj_bb: [331, 171, 55, 121]
  obj_id: 8
- cam_R_m2c: [-0.90283910, -0.42558289, -0.06161927, -0.26839642, 0.66964829, -0.69250840, 0.33597810, -0.60867457, -0.71879709]
  cam_t_m2c: [-16.79901174, 179.15776472, 923.69605774]
  obj_bb: [286, 330, 61, 56]
  obj_id: 9
- cam_R_m2c: [-0.22595035, 0.97412629, 0.00481053, 0.70304054, 0.16648494, -0.69138901, -0.67430225, -0.15283831, -0.72246728]
  cam_t_m2c: [360.96126208, -0.68228247, 1112.47295244]
  obj_bb: [482, 208, 58, 71]
  obj_id: 10
- cam_R_m2c: [0.02875907, 0.99968943, -0.00986367, 0.67489003, -0.02669603, -0.73757122, -0.73752359, 0.01454004, -0.67531454]
  cam_t_m2c: [-28.41703420, -60.94669479, 1120.81342217]
  obj_bb: [292, 174, 39, 74]
  obj_id: 11
- cam_R_m2c: [-0.55514400, 0.83141100, -0.02620890, 0.60168600, 0.37960600, -0.70283600, -0.57436000, -0.40592700, -0.71094800]
  cam_t_m2c: [-139.48300000, 155.09600000, 954.95700000]
  obj_bb: [201, 308, 80, 73]
  obj_id: 12
14:
- cam_R_m2c: [0.77053734, 0.63296959, -0.07690423, 0.31497409, -0.48274701, -0.81730833, -0.55439262, 0.60546919, -0.57126581]
  cam_t_m2c: [152.62664851, 17.22728916, 1092.10952350]
  obj_bb: [386, 229, 33, 52]
  obj_id: 1
- cam_R_m2c: [-0.10675200, 0.99190098, -0.06882520, 0.61940700, 0.01219560, -0.78497499, -0.77777803, -0.12642799, -0.61569297]
  cam_t_m2c: [-21.75462949, 34.67615521, 984.02492767]
  obj_bb: [275, 221, 72, 124]
  obj_id: 2
- cam_R_m2c: [0.87391680, 0.47668727, -0.09544142, 0.24013901, -0.59398073, -0.76783893, -0.42269769, 0.64808439, -0.63353798]
  cam_t_m2c: [85.69349165, 104.20112387, 902.20296296]
  obj_bb: [341, 254, 73, 113]
  obj_id: 5
- cam_R_m2c: [0.45381757, -0.85681610, -0.24502870, -0.76268907, -0.23118058, -0.60414574, 0.46098276, 0.46103405, -0.75833789]
  cam_t_m2c: [148.85793150, -130.07416395, 1270.45542767]
  obj_bb: [361, 159, 64, 56]
  obj_id: 6
- cam_R_m2c: [0.25763042, 0.96492506, -0.06692730, 0.59536587, -0.21277657, -0.77600550, -0.76229826, 0.15981450, -0.62871434]
  cam_t_m2c: [81.89021224, 3.66642176, 1019.82816421]
  obj_bb: [339, 182, 60, 122]
  obj_id: 8
- cam_R_m2c: [-0.91254049, -0.39968558, -0.08693944, -0.19888476, 0.61930459, -0.75956511, 0.35742312, -0.67583041, -0.64462117]
  cam_t_m2c: [10.24812549, 185.92855536, 898.00207118]
  obj_bb: [302, 336, 63, 59]
  obj_id: 9
- cam_R_m2c: [-0.19888778, 0.97980745, -0.02051134, 0.63836590, 0.11364174, -0.76129855, -0.74359558, -0.16450672, -0.64807764]
  cam_t_m2c: [380.84756466, 12.39479735, 1105.90635378]
  obj_bb: [493, 217, 61, 67]
  obj_id: 10
- cam_R_m2c: [0.05463967, 0.99797473, -0.03694487, 0.59444659, -0.06223923, -0.80184224, -0.80242806, 0.02183599, -0.59652524]
  cam_t_m2c: [-10.52274027, -32.17531380, 1118.54570584]
  obj_bb: [302, 187, 38, 78]
  obj_id: 11
- cam_R_m2c: [-0.53173100, 0.84538800, -0.05194750, 0.56007200, 0.30494300, -0.77034600, -0.63535900, -0.43869100, -0.63559400]
  cam_t_m2c: [-112.94700000, 169.52200000, 930.68400000]
  obj_bb: [215, 320, 81, 73]
  obj_id: 12
15:
- cam_R_m2c: [0.78624100, 0.60926863, -0.10444400, 0.21751366, -0.43087384, -0.87594635, -0.57861944, 0.66590301, -0.47123368]
  cam_t_m2c: [145.78072704, 58.11392154, 1080.82199760]
  obj_bb: [383, 250, 35, 52]
  obj_id: 1
- cam_R_m2c: [-0.07688740, 0.99252403, -0.09478870, 0.52611798, -0.04036840, -0.84945297, -0.84692800, -0.11518200, -0.51908100]
  cam_t_m2c: [-26.99409725, 69.15654676, 969.36571971]
  obj_bb: [272, 238, 73, 130]
  obj_id: 2
- cam_R_m2c: [0.88566524, 0.44847120, -0.12058707, 0.15502025, -0.53027325, -0.83356805, -0.43776306, 0.71954178, -0.53914648]
  cam_t_m2c: [83.67247128, 124.35422288, 881.16297209]
  obj_bb: [341, 265, 75, 121]
  obj_id: 5
- cam_R_m2c: [0.42042873, -0.86851023, -0.26277801, -0.71904741, -0.14221892, -0.68034683, 0.55349826, 0.47496782, -0.68423884]
  cam_t_m2c: [134.98118177, -66.68892780, 1275.31303957]
  obj_bb: [354, 188, 65, 55]
  obj_id: 6
- cam_R_m2c: [0.28616142, 0.95472512, -0.09244816, 0.49035279, -0.22853021, -0.84217346, -0.82437725, 0.19536789, -0.53305023]
  cam_t_m2c: [75.10154605, 38.73428496, 1009.82193767]
  obj_bb: [334, 204, 62, 122]
  obj_id: 8
- cam_R_m2c: [-0.92217654, -0.37034192, -0.11168886, -0.12039182, 0.54919404, -0.82699756, 0.36760424, -0.74917656, -0.55103039]
  cam_t_m2c: [11.49505697, 207.79120138, 866.40775384]
  obj_bb: [302, 353, 66, 63]
  obj_id: 9
- cam_R_m2c: [-0.16846403, 0.98466361, -0.04535488, 0.55247054, 0.05621409, -0.83163556, -0.81633153, -0.16515800, -0.55346712]
  cam_t_m2c: [373.53397021, 46.34617900, 1097.80634955]
  obj_bb: [491, 236, 62, 65]
  obj_id: 10
- cam_R_m2c: [0.08358771, 0.99461297, -0.06372958, 0.49233040, -0.09682209, -0.86511262, -0.86652534, 0.04092127, -0.49767145]
  cam_t_m2c: [-19.35553141, 18.39809945, 1110.98630889]
  obj_bb: [297, 211, 40, 82]
  obj_id: 11
- cam_R_m2c: [-0.57051500, 0.81966400, -0.05299240, 0.50265900, 0.29738800, -0.81180600, -0.64960100, -0.48975700, -0.58164100]
  cam_t_m2c: [-112.02100000, 196.57500000, 904.60400000]
  obj_bb: [212, 340, 84, 75]
  obj_id: 12
16:
- cam_R_m2c: [0.78382812, 0.61920018, -0.04998065, 0.24910765, -0.38702578, -0.88791935, -0.56907604, 0.68344022, -0.45754979]
  cam_t_m2c: [136.10163142, 6.62129030, 1122.06093118]
  obj_bb: [376, 223, 33, 51]
  obj_id: 1
- cam_R_m2c: [-0.08944100, 0.99515301, -0.04088650, 0.50723201, 0.01018280, -0.86174899, -0.85715598, -0.09781470, -0.50568402]
  cam_t_m2c: [-35.02051625, 6.68084329, 1007.55028614]
  obj_bb: [268, 199, 71, 127]
  obj_id: 2
- cam_R_m2c: [0.88389438, 0.46292107, -0.06712504, 0.19429056, -0.49387355, -0.84758249, -0.42550378, 0.73610506, -0.52645323]
  cam_t_m2c: [74.13526611, 66.17597854, 920.26296337]
  obj_bb: [334, 226, 70, 119]
  obj_id: 5
- cam_R_m2c: [0.44776268, -0.86809443, -0.21458065, -0.68658775, -0.17998729, -0.70450443, 0.57293667, 0.46276154, -0.67656107]
  cam_t_m2c: [128.43773470, -115.34064646, 1318.49356914]
  obj_bb: [351, 168, 61, 54]
  obj_id: 6
- cam_R_m2c: [0.27453021, 0.96180895, -0.03868515, 0.49106057, -0.17454498, -0.85458831, -0.82790479, 0.21529693, -0.51973705]
  cam_t_m2c: [67.80150127, -17.63528512, 1050.23587001]
  obj_bb: [331, 175, 60, 118]
  obj_id: 8
- cam_R_m2c: [-0.92092925, -0.38538195, -0.05837567, -0.16280414, 0.51639926, -0.84074907, 0.35414904, -0.76475261, -0.53829932]
  cam_t_m2c: [-2.05122688, 145.43054245, 902.84579171]
  obj_bb: [294, 309, 63, 60]
  obj_id: 9
- cam_R_m2c: [-0.18280058, 0.98311636, 0.00814300, 0.52921629, 0.10537500, -0.84191847, -0.82856292, -0.14959435, -0.53954299]
  cam_t_m2c: [363.82333422, 7.17604642, 1143.06158607]
  obj_bb: [480, 217, 58, 61]
  obj_id: 10
- cam_R_m2c: [0.07290751, 0.99744720, -0.00943084, 0.48164335, -0.04348981, -0.87539055, -0.87346901, 0.05926378, -0.48348688]
  cam_t_m2c: [-27.22858857, -41.25199694, 1150.14327265]
  obj_bb: [293, 181, 38, 81]
  obj_id: 11
- cam_R_m2c: [-0.53474300, 0.84403900, -0.04257090, 0.47535400, 0.25874400, -0.84098200, -0.69875000, -0.46991300, -0.53954300]
  cam_t_m2c: [-128.35200000, 127.35800000, 939.17900000]
  obj_bb: [206, 298, 81, 66]
  obj_id: 12
17:
- cam_R_m2c: [0.80480681, 0.58990488, -0.06774828, 0.22092875, -0.40342493, -0.88807856, -0.55114806, 0.69967741, -0.45494699]
  cam_t_m2c: [119.20688693, -11.80978732, 1153.25896965]
  obj_bb: [366, 214, 33, 49]
  obj_id: 1
- cam_R_m2c: [-0.05254840, 0.99700898, -0.05666860, 0.50564498, -0.02237000, -0.86245102, -0.86114001, -0.07397460, -0.50295699]
  cam_t_m2c: [-49.04713248, -6.79699535, 1034.68341172]
  obj_bb: [263, 192, 68, 125]
  obj_id: 2
- cam_R_m2c: [0.89959952, 0.42904267, -0.08193312, 0.16361965, -0.50492188, -0.84754826, -0.40499348, 0.74902183, -0.52440749]
  cam_t_m2c: [64.02362148, 48.72137652, 949.78959593]
  obj_bb: [329, 216, 68, 116]
  obj_id: 5
- cam_R_m2c: [0.41155288, -0.88423749, -0.22106755, -0.69784461, -0.14965059, -0.70053002, 0.58633393, 0.44255989, -0.67859594]
  cam_t_m2c: [102.92616746, -132.49752749, 1349.95322876]
  obj_bb: [339, 162, 61, 53]
  obj_id: 6
- cam_R_m2c: [0.30990920, 0.95025980, -0.05390272, 0.47789675, -0.20439103, -0.85543391, -0.82310653, 0.23900767, -0.51698269]
  cam_t_m2c: [51.88875845, -34.20444566, 1079.91819068]
  obj_bb: [321, 169, 59, 114]
  obj_id: 8
- cam_R_m2c: [-0.93388654, -0.35015537, -0.07268766, -0.13130614, 0.52479661, -0.84105845, 0.33264219, -0.77589532, -0.53606856]
  cam_t_m2c: [-9.12394155, 130.30354144, 930.22427177]
  obj_bb: [290, 297, 62, 59]
  obj_id: 9
- cam_R_m2c: [-0.14580298, 0.98929343, -0.00623089, 0.53076614, 0.07290579, -0.84437684, -0.83488390, -0.12642039, -0.53571263]
  cam_t_m2c: [346.26234748, -18.49061683, 1179.70946196]
  obj_bb: [467, 206, 56, 58]
  obj_id: 10
- cam_R_m2c: [0.10923032, 0.99382383, -0.02620821, 0.47475845, -0.07531842, -0.87699019, -0.87345116, 0.08333394, -0.47995617]
  cam_t_m2c: [-46.20832414, -54.25683305, 1177.61570077]
  obj_bb: [285, 176, 37, 80]
  obj_id: 11
- cam_R_m2c: [-0.50229500, 0.86291800, -0.05687350, 0.48891000, 0.22910600, -0.84180700, -0.71332300, -0.45061100, -0.53693200]
  cam_t_m2c: [-136.88700000, 116.13700000, 963.77700000]
  obj_bb: [204, 291, 79, 63]
  obj_id: 12
18:
- cam_R_m2c: [0.84184429, 0.53761930, -0.05054448, 0.09488212, -0.23945156, -0.96638883, -0.53158492, 0.80865028, -0.25256613]
  cam_t_m2c: [235.89319672, 74.49016835, 1183.97839850]
  obj_bb: [421, 256, 34, 48]
  obj_id: 1
- cam_R_m2c: [0.01044870, 0.99929601, -0.03601930, 0.30400699, -0.03749070, -0.95193201, -0.95261198, -0.00100366, -0.30418500]
  cam_t_m2c: [75.76402151, 53.22180832, 1056.30039690]
  obj_bb: [334, 221, 69, 126]
  obj_id: 2
- cam_R_m2c: [0.98399600, 0.16784500, -0.06180510, 0.01124970, -0.40299900, -0.91523200, -0.17851700, 0.89980800, -0.39839800]
  cam_t_m2c: [206.45400000, 85.68850000, 970.37100000]
  obj_bb: [417, 237, 60, 117]
  obj_id: 5
- cam_R_m2c: [0.36925572, 0.92981990, -0.03225238, 0.28550962, -0.14630803, -0.94816713, -0.88547542, 0.34047364, -0.31919318]
  cam_t_m2c: [173.16259522, 36.48565314, 1113.03724226]
  obj_bb: [378, 211, 74, 109]
  obj_id: 8
- cam_R_m2c: [-0.73253700, -0.67763000, -0.06514560, -0.22149900, 0.32774200, -0.91845300, 0.64371300, -0.65835000, -0.39016800]
  cam_t_m2c: [156.31200000, 160.04700000, 929.31400000]
  obj_bb: [392, 314, 60, 62]
  obj_id: 9
- cam_R_m2c: [-0.08395065, 0.99632940, 0.01668306, 0.33422902, 0.04392582, -0.94146832, -0.93874617, -0.07346132, -0.33668944]
  cam_t_m2c: [460.64144990, 73.91967179, 1226.24318143]
  obj_bb: [511, 253, 63, 51]
  obj_id: 10
- cam_R_m2c: [0.17223703, 0.98518263, -0.00731994, 0.27126559, -0.05457616, -0.96104305, -0.94709658, 0.16352148, -0.27658797]
  cam_t_m2c: [68.66954399, 38.33570213, 1206.03027052]
  obj_bb: [339, 220, 37, 81]
  obj_id: 11
- cam_R_m2c: [-0.40078000, 0.91404000, -0.06268120, 0.33813600, 0.08398230, -0.93735700, -0.85150900, -0.39686100, -0.34272700]
  cam_t_m2c: [-41.62290000, 157.49300000, 960.85900000]
  obj_bb: [263, 320, 75, 55]
  obj_id: 12
19:
- cam_R_m2c: [0.83726760, 0.54528678, -0.04402660, 0.09896962, -0.23016153, -0.96823431, -0.53803018, 0.80621098, -0.24664901]
  cam_t_m2c: [218.17769002, 114.09129481, 1156.35460576]
  obj_bb: [414, 276, 35, 49]
  obj_id: 1
- cam_R_m2c: [0.00118961, 0.99954998, -0.02998670, 0.29855099, -0.02897420, -0.95395398, -0.95439303, -0.00781773, -0.29845101]
  cam_t_m2c: [57.34850651, 90.71770892, 1029.92575451]
  obj_bb: [324, 243, 70, 128]
  obj_id: 2
- cam_R_m2c: [0.98259342, 0.17757259, -0.05674344, 0.01860287, -0.39632402, -0.91802262, -0.18549619, 0.90090560, -0.39268959]
  cam_t_m2c: [187.15227015, 123.79825184, 942.89867320]
  obj_bb: [408, 260, 62, 120]
  obj_id: 5
- cam_R_m2c: [0.36060243, 0.93339556, -0.02635710, 0.28350357, -0.13639620, -0.95024432, -0.88967690, 0.33475946, -0.31350669]
  cam_t_m2c: [155.28092159, 75.14219697, 1086.07592536]
  obj_bb: [371, 230, 74, 112]
  obj_id: 8
- cam_R_m2c: [-0.72609894, -0.68499557, -0.05999866, -0.22399699, 0.31812584, -0.92122416, 0.65011211, -0.65543910, -0.38441792]
  cam_t_m2c: [136.08947623, 197.48697873, 901.76892538]
  obj_bb: [381, 340, 62, 64]
  obj_id: 9
- cam_R_m2c: [-0.09336612, 0.99537997, 0.02239580, 0.32804701, 0.05199216, -0.94323017, -0.94003729, -0.08071926, -0.33138495]
  cam_t_m2c: [443.21251962, 115.68241106, 1197.03996916]
  obj_bb: [508, 273, 64, 53]
  obj_id: 10
- cam_R_m2c: [0.16328721, 0.98673307, -0.00101825, 0.26722281, -0.04522419, -0.96265969, -0.94982781, 0.15689813, -0.27100464]
  cam_t_m2c: [51.42787458, 76.64093363, 1179.78958478]
  obj_bb: [331, 239, 38, 82]
  obj_id: 11
